0 0.291567 0.109137 0.306818 0.048223
0 0.290670 0.154822 0.306220 0.043147
0 0.223684 0.198604 0.165072 0.036802
0 0.291268 0.238579 0.302632 0.043147
0 0.290969 0.279188 0.308014 0.032995
0 0.290371 0.318528 0.303230 0.040609
0 0.289773 0.359137 0.310407 0.038071
0 0.291268 0.399746 0.305024 0.032995
0 0.291268 0.437817 0.308612 0.045685
0 0.290072 0.480330 0.307416 0.036802
0 0.290969 0.517766 0.305622 0.038071
0 0.290072 0.563452 0.306220 0.048223
0 0.288577 0.611675 0.304426 0.040609
0 0.494019 0.612310 0.110048 0.036802
0 0.490132 0.650381 0.108254 0.036802
0 0.490431 0.689086 0.106459 0.043147
0 0.490730 0.725254 0.105861 0.034264
0 0.490730 0.758249 0.108254 0.036802
0 0.490730 0.796320 0.110646 0.039340
0 0.489833 0.833756 0.106459 0.035533
0 0.489533 0.871193 0.109450 0.036802
0 0.489533 0.909264 0.107057 0.034264
0 0.490132 0.944162 0.108254 0.032995
0 0.490730 0.978426 0.105861 0.040609
7 0.290072 0.345178 0.305024 0.578680
8 0.478469 0.792513 0.132775 0.407360
0 0.023923 0.069162 0.046651 0.029188
0 0.092404 0.067259 0.089115 0.030457
0 0.177333 0.069162 0.075957 0.029188
0 0.244318 0.069162 0.053230 0.026650
0 0.302033 0.065355 0.062201 0.029188
0 0.367823 0.064721 0.069378 0.035533
0 0.427931 0.065355 0.050837 0.034264
32 0.915234 0.023649 0.028906 0.039189
22 0.972656 0.025676 0.037500 0.045946