0 0.167763 0.332487 0.060407 0.048223
0 0.228768 0.331853 0.061603 0.049492
22 0.247608 0.056472 0.020335 0.034264
20 0.143541 0.199239 0.247608 0.357868
12 0.485646 0.133249 0.082536 0.058376
22 0.512560 0.135152 0.013158 0.021574
0 0.012261 0.057107 0.024522 0.025381
30 0.011364 0.092640 0.022727 0.040609
3 0.070574 0.954315 0.138756 0.040609
19 0.150419 0.954315 0.017344 0.027919
19 0.129187 0.954949 0.015550 0.026650
19 0.956340 0.091371 0.020335 0.032995
19 0.976376 0.091371 0.019737 0.032995
19 0.993122 0.091371 0.011364 0.032995
22 0.440191 0.135152 0.011962 0.024112
22 0.369019 0.136421 0.011962 0.024112
12 0.412679 0.133249 0.082536 0.048223
12 0.338218 0.132614 0.078349 0.049492
22 0.297249 0.137056 0.010766 0.020305
13 0.411782 0.135787 0.242225 0.071066