0 0.230263 0.088832 0.153110 0.035533
0 0.231160 0.121193 0.152512 0.031726
0 0.229964 0.219543 0.152512 0.032995
0 0.232057 0.250000 0.153110 0.038071
12 0.485646 0.133249 0.082536 0.058376
22 0.512560 0.135152 0.013158 0.021574
0 0.091507 0.057107 0.041866 0.035533
0 0.209031 0.057107 0.035287 0.038071
0 0.012261 0.057107 0.024522 0.025381
0 0.133373 0.057741 0.043062 0.026650
0 0.173146 0.057741 0.037679 0.026650
30 0.011364 0.092640 0.022727 0.040609
3 0.070574 0.954315 0.138756 0.040609
19 0.150419 0.954315 0.017344 0.027919
19 0.129187 0.954949 0.015550 0.026650
19 0.956340 0.091371 0.020335 0.032995
19 0.976376 0.091371 0.019737 0.032995
19 0.993122 0.091371 0.011364 0.032995
22 0.440191 0.135152 0.011962 0.024112
22 0.369019 0.136421 0.011962 0.024112
12 0.412679 0.133249 0.082536 0.048223
0 0.048445 0.057741 0.046651 0.026650
19 0.031699 0.090736 0.019139 0.044416
19 0.051734 0.091371 0.017344 0.040609
19 0.077452 0.091371 0.020933 0.035533
19 0.097787 0.092640 0.018541 0.038071
19 0.117225 0.093274 0.019139 0.036802
19 0.137261 0.093909 0.020933 0.035533
19 0.157297 0.093909 0.019139 0.035533
3 0.080144 0.153553 0.159091 0.053299
0 0.230562 0.155457 0.151316 0.034264
0 0.230861 0.189721 0.151914 0.034264
7 0.230861 0.158629 0.161483 0.251269
13 0.447967 0.135152 0.162679 0.069797