0 0.209031 0.057107 0.035287 0.038071
0 0.304127 0.087563 0.223086 0.032995
0 0.303828 0.116751 0.222488 0.030457
0 0.304127 0.144670 0.221890 0.030457
0 0.304127 0.174492 0.220694 0.034264
0 0.303828 0.210025 0.221292 0.039340
0 0.303230 0.246193 0.220096 0.040609
7 0.304127 0.156091 0.227871 0.238579
0 0.012261 0.057107 0.024522 0.025381
0 0.049043 0.058376 0.049043 0.027919
0 0.092404 0.058376 0.037679 0.025381
0 0.133373 0.057741 0.043062 0.026650
0 0.173146 0.057741 0.037679 0.026650
30 0.011364 0.092640 0.022727 0.040609
19 0.031699 0.093274 0.019139 0.036802
19 0.051734 0.093274 0.020933 0.036802
19 0.076555 0.092005 0.022727 0.036802
19 0.098385 0.092005 0.020933 0.034264
19 0.117823 0.092640 0.017943 0.032995
19 0.136962 0.092640 0.020335 0.032995
19 0.158194 0.093274 0.022129 0.031726
3 0.080443 0.154822 0.159689 0.043147
3 0.070574 0.954315 0.138756 0.040609
19 0.150419 0.954315 0.017344 0.027919
19 0.129187 0.954949 0.015550 0.026650
19 0.956340 0.091371 0.020335 0.032995
19 0.976376 0.091371 0.019737 0.032995
22 0.511663 0.133249 0.012560 0.022843
12 0.485945 0.132614 0.080742 0.046954
19 0.992524 0.091371 0.012560 0.030457