0 0.159375 0.610135 0.018750 0.017568
0 0.160547 0.625676 0.016406 0.013514
6 0.159375 0.614865 0.020312 0.035135
3 0.124609 0.616892 0.055469 0.031081
4 0.036719 0.616216 0.018750 0.018919
32 0.975391 0.020946 0.035156 0.031081
0 0.019141 0.058108 0.035156 0.021622
0 0.078906 0.058784 0.051563 0.028378
0 0.135547 0.059459 0.028906 0.032432
0 0.178516 0.066216 0.050781 0.027027
0 0.234766 0.057432 0.055469 0.031081
0 0.290234 0.055405 0.057031 0.032432
0 0.341797 0.055405 0.052344 0.027027
0 0.395703 0.058784 0.055469 0.028378
0 0.446484 0.060811 0.047656 0.021622
0 0.499219 0.058784 0.059375 0.033784
0 0.561719 0.060135 0.053125 0.025676
15 0.930859 0.906757 0.030469 0.162162
15 0.347656 0.820946 0.679688 0.047297
3 0.166406 0.945270 0.101563 0.031081
0 0.111328 0.233784 0.166406 0.037838
0 0.178125 0.322297 0.017188 0.017568
0 0.182031 0.495270 0.020313 0.028378
0 0.181641 0.703378 0.022656 0.031081
0 0.109766 0.725676 0.167969 0.018919
0 0.110156 0.747297 0.167188 0.024324
0 0.110156 0.770946 0.165625 0.022973
5 0.111328 0.787162 0.164844 0.187838
0 0.224609 0.885135 0.035156 0.043243
0 0.262500 0.886486 0.042188 0.040541
0 0.302734 0.880405 0.030469 0.060811
0 0.340625 0.887162 0.034375 0.044595
0 0.377344 0.891216 0.034375 0.044595
0 0.415234 0.889865 0.033594 0.028378
0 0.458984 0.890541 0.033594 0.035135
0 0.494141 0.893243 0.039844 0.037838
5 0.108984 0.325676 0.172656 0.043243
5 0.112109 0.495270 0.163281 0.041892
19 0.929297 0.805405 0.028906 0.032432