0 0.011663 0.057741 0.022129 0.029188
0 0.037978 0.057741 0.030502 0.029188
0 0.071471 0.058376 0.036483 0.027919
0 0.104067 0.057741 0.028708 0.026650
0 0.127990 0.057107 0.019139 0.025381
0 0.149222 0.057107 0.023325 0.025381
0 0.175538 0.057741 0.029306 0.024112
31 0.291268 0.094543 0.023923 0.041878
19 0.556220 0.095178 0.020335 0.040609
19 0.532895 0.095178 0.023923 0.043147
19 0.508074 0.094543 0.026914 0.041878
19 0.472488 0.093909 0.025120 0.043147
19 0.448864 0.093909 0.024522 0.045685
19 0.422249 0.095178 0.025120 0.043147
19 0.396531 0.093909 0.023923 0.043147
19 0.369916 0.093909 0.025718 0.040609
19 0.343900 0.092005 0.025120 0.041878
19 0.317584 0.094543 0.025120 0.041878
23 0.193481 0.094543 0.025718 0.041878
19 0.222189 0.093909 0.024522 0.043147
19 0.255981 0.094543 0.022727 0.041878
28 0.020634 0.095178 0.024522 0.040609
24 0.121411 0.095812 0.021531 0.039340
24 0.145634 0.095812 0.020933 0.039340
23 0.169258 0.093909 0.019139 0.040609
19 0.045455 0.094543 0.022727 0.039340
19 0.068780 0.095178 0.022727 0.040609
19 0.093900 0.093909 0.023923 0.040609
0 0.099282 0.189086 0.131579 0.022843
0 0.099282 0.212563 0.131579 0.021574
0 0.098983 0.236041 0.132177 0.022843
0 0.097488 0.375000 0.126794 0.024112
33 0.035885 0.166244 0.069378 0.030457
33 0.026914 0.258883 0.050239 0.027919
0 0.096890 0.400381 0.126794 0.024112
0 0.107656 0.305203 0.113636 0.024112
33 0.091507 0.282995 0.145933 0.022843
22 0.669258 0.295051 0.022727 0.036802
0 0.552333 0.781726 0.262560 0.048223
0 0.453947 0.862310 0.065789 0.046954
0 0.519737 0.861675 0.065789 0.048223
0 0.584928 0.862310 0.064593 0.049492
0 0.650120 0.861041 0.065789 0.046954
3 0.567285 0.823604 0.231459 0.038071
0 0.660885 0.345812 0.016746 0.034264
0 0.674342 0.345812 0.014952 0.034264
13 0.539175 0.349619 0.235048 0.054569
0 0.107356 0.351523 0.114234 0.022843
33 0.091208 0.328680 0.144139 0.022843
20 0.552333 0.586294 0.285287 0.649746
0 0.670754 0.373096 0.017344 0.030457
0 0.670754 0.741751 0.018541 0.029188
3 0.603768 0.414340 0.110646 0.029188
3 0.603469 0.442893 0.110048 0.027919
3 0.603469 0.472081 0.110048 0.030457
3 0.603170 0.529822 0.109450 0.026650
3 0.603170 0.558376 0.109450 0.030457
3 0.603170 0.588832 0.109450 0.027919
3 0.603170 0.618655 0.109450 0.029188
3 0.603768 0.703046 0.110646 0.027919
3 0.604067 0.733503 0.110048 0.030457
4 0.555323 0.675127 0.016148 0.027919
9 0.670754 0.507614 0.017344 0.243655
9 0.670754 0.557741 0.020933 0.399746
12 0.457237 0.347716 0.066388 0.040609
12 0.533493 0.347716 0.098086 0.043147
12 0.616627 0.347081 0.077751 0.041878
4 0.555323 0.502538 0.013756 0.025381
0 0.097488 0.423223 0.126794 0.021574