0 0.011663 0.057741 0.022129 0.029188
0 0.037978 0.057741 0.030502 0.029188
0 0.071471 0.058376 0.036483 0.027919
0 0.104067 0.057741 0.028708 0.026650
0 0.127990 0.057107 0.019139 0.025381
0 0.149222 0.057107 0.023325 0.025381
0 0.175538 0.057741 0.029306 0.024112
23 0.193481 0.094543 0.025718 0.041878
19 0.222189 0.093909 0.024522 0.043147
19 0.255981 0.094543 0.022727 0.041878
28 0.020634 0.095178 0.024522 0.040609
24 0.121411 0.095812 0.021531 0.039340
24 0.145634 0.095812 0.020933 0.039340
23 0.169258 0.093909 0.019139 0.040609
19 0.045455 0.094543 0.022727 0.039340
19 0.068780 0.095178 0.022727 0.040609
19 0.093900 0.093909 0.023923 0.040609
0 0.099282 0.189086 0.131579 0.022843
0 0.099282 0.212563 0.131579 0.021574
0 0.098983 0.236041 0.132177 0.022843
0 0.098684 0.282360 0.129187 0.019036
0 0.098684 0.303934 0.127990 0.024112
0 0.098086 0.328046 0.127990 0.024112
0 0.097488 0.351523 0.126794 0.022843
0 0.097488 0.375000 0.126794 0.024112
33 0.035885 0.166244 0.069378 0.030457
33 0.026914 0.258883 0.050239 0.027919
22 0.704246 0.109772 0.020933 0.034264
29 0.666866 0.108503 0.017943 0.036802
0 0.707536 0.156726 0.017943 0.034264
0 0.708134 0.878807 0.019139 0.036802
9 0.708134 0.519036 0.023923 0.763959
9 0.707237 0.579315 0.019737 0.574873
21 0.526017 0.208756 0.324761 0.069797
0 0.662380 0.859137 0.065191 0.050761
0 0.478170 0.294416 0.017344 0.025381
0 0.478170 0.329315 0.016148 0.024112
0 0.477871 0.399746 0.016746 0.025381
0 0.677033 0.328046 0.015550 0.024112
0 0.676435 0.363579 0.015550 0.026650
21 0.532596 0.568528 0.310407 0.065990
21 0.532297 0.790609 0.312201 0.068528
0 0.631878 0.295685 0.111842 0.038071
0 0.433313 0.366117 0.110646 0.036802
0 0.631878 0.400381 0.111842 0.036802
0 0.433612 0.436548 0.111244 0.035533
0 0.433313 0.472716 0.110646 0.034264
0 0.433313 0.508883 0.110646 0.035533
0 0.631878 0.436548 0.110646 0.035533
0 0.632177 0.472081 0.111244 0.035533
0 0.632177 0.509518 0.111244 0.039340
0 0.441986 0.656726 0.131579 0.036802
0 0.441986 0.692259 0.132775 0.034264
0 0.441687 0.729695 0.132177 0.040609
0 0.622010 0.656726 0.131579 0.036802
0 0.621411 0.694162 0.131579 0.038071
5 0.433014 0.294416 0.111244 0.032995
5 0.433313 0.328680 0.110646 0.032995
5 0.432715 0.401650 0.110646 0.034264
5 0.631280 0.364848 0.111842 0.034264
5 0.630981 0.329949 0.111244 0.032995
20 0.499103 0.498731 0.457536 0.842640