4 0.318182 0.970812 0.016746 0.032995
4 0.409390 0.970178 0.016148 0.034264
4 0.479366 0.970812 0.016148 0.038071
31 0.076854 0.968909 0.028110 0.049492
29 0.047847 0.968909 0.027512 0.049492
19 0.017943 0.969543 0.027512 0.050761
19 0.186005 0.968909 0.058612 0.052030
19 0.231758 0.968274 0.030502 0.048223
0 0.126794 0.350888 0.252392 0.178934
0 0.127093 0.184645 0.251794 0.161168
0 0.127093 0.519670 0.252990 0.178934
0 0.126794 0.687183 0.253589 0.181472
0 0.126495 0.859772 0.252990 0.178934
3 0.441089 0.119924 0.352273 0.034264
3 0.819976 0.119289 0.350478 0.035533
3 0.440490 0.177665 0.352273 0.038071
3 0.441089 0.236675 0.353469 0.036802
3 0.820275 0.178934 0.351077 0.040609
3 0.440789 0.440355 0.351675 0.038071
3 0.441089 0.498096 0.351077 0.039340
3 0.441687 0.555838 0.353469 0.038071
3 0.820275 0.439086 0.351077 0.038071
3 0.820275 0.498096 0.351077 0.039340