4 0.318182 0.970812 0.016746 0.032995
4 0.409390 0.970178 0.016148 0.034264
4 0.479366 0.970812 0.016148 0.038071
31 0.076854 0.968909 0.028110 0.049492
29 0.047847 0.968909 0.027512 0.049492
19 0.017943 0.969543 0.027512 0.050761
19 0.186005 0.968909 0.058612 0.052030
19 0.231758 0.968274 0.030502 0.048223
0 0.125299 0.134518 0.249402 0.065990
0 0.124701 0.202411 0.249402 0.069797
0 0.125299 0.272843 0.249402 0.071066
0 0.125299 0.343909 0.250598 0.068528
0 0.125000 0.414340 0.250000 0.072335
0 0.125000 0.485406 0.250000 0.069797
0 0.125000 0.554569 0.250000 0.071066
0 0.125000 0.625635 0.250000 0.068528
0 0.125000 0.693528 0.250000 0.069797
0 0.125000 0.765228 0.248804 0.073604
0 0.125000 0.835025 0.250000 0.065990
0 0.125598 0.904188 0.248804 0.072335