4 0.318182 0.970812 0.016746 0.032995
4 0.409390 0.970178 0.016148 0.034264
4 0.479366 0.970812 0.016148 0.038071
31 0.076854 0.968909 0.028110 0.049492
29 0.047847 0.968909 0.027512 0.049492
19 0.017943 0.969543 0.027512 0.050761
19 0.186005 0.968909 0.058612 0.052030
19 0.231758 0.968274 0.030502 0.048223
0 0.126794 0.350888 0.252392 0.178934
0 0.127093 0.184645 0.251794 0.161168
0 0.127093 0.519670 0.252990 0.178934
0 0.126794 0.687183 0.253589 0.181472
0 0.126495 0.859772 0.252990 0.178934
3 0.356459 0.161168 0.104067 0.032995
3 0.356160 0.194162 0.103469 0.030457
3 0.356459 0.227157 0.104067 0.030457
3 0.649222 0.161168 0.105861 0.032995
3 0.649222 0.194162 0.105861 0.030457
3 0.649522 0.227157 0.105263 0.032995
3 0.937500 0.160533 0.114234 0.034264
3 0.937201 0.194162 0.114833 0.030457
3 0.937799 0.227792 0.116029 0.034264
3 0.345993 0.372462 0.120215 0.034264
3 0.345993 0.406091 0.120215 0.030457
3 0.345694 0.439086 0.119617 0.032995
3 0.345096 0.585025 0.120813 0.032995
3 0.345395 0.618020 0.120215 0.030457
3 0.345395 0.650381 0.120215 0.034264
3 0.640251 0.372462 0.119019 0.034264
3 0.640550 0.406091 0.119617 0.030457
3 0.640251 0.438452 0.119019 0.034264
3 0.639653 0.584391 0.120215 0.034264
3 0.639952 0.618020 0.119617 0.030457
3 0.639952 0.651015 0.119617 0.032995
3 0.938397 0.372462 0.113636 0.034264
3 0.938098 0.405457 0.113038 0.031726
3 0.938397 0.438452 0.112440 0.034264
3 0.932715 0.584391 0.125000 0.034264
3 0.932416 0.617386 0.124402 0.031726
3 0.932715 0.650381 0.125000 0.034264