4 0.318182 0.970812 0.016746 0.032995
4 0.409390 0.970178 0.016148 0.034264
4 0.479366 0.970812 0.016148 0.038071
31 0.076854 0.968909 0.028110 0.049492
29 0.047847 0.968909 0.027512 0.049492
19 0.017943 0.969543 0.027512 0.050761
19 0.186005 0.968909 0.058612 0.052030
19 0.231758 0.968274 0.030502 0.048223
0 0.126794 0.350888 0.252392 0.178934
0 0.127093 0.184645 0.251794 0.161168
0 0.127093 0.519670 0.252990 0.178934
0 0.126794 0.687183 0.253589 0.181472
0 0.126495 0.859772 0.252990 0.178934
21 0.626196 0.606599 0.742823 0.667513