0 0.031100 0.060279 0.045455 0.034264
0 0.067883 0.061548 0.028110 0.031726
0 0.098385 0.060914 0.032895 0.032995
0 0.140550 0.062183 0.051435 0.032995
0 0.189593 0.061548 0.046651 0.031726
0 0.227273 0.062817 0.028708 0.034264
12 0.753589 0.180203 0.162679 0.055838
12 0.908792 0.180203 0.164474 0.055838
13 0.832237 0.181472 0.327153 0.071066
15 0.357656 0.181472 0.016746 0.043147
15 0.407297 0.182107 0.119617 0.052030
19 0.290670 0.109137 0.035885 0.058376
19 0.255084 0.107868 0.032895 0.063452
19 0.219199 0.110406 0.035287 0.060914
31 0.330144 0.107868 0.033493 0.055838
0 0.593002 0.182107 0.025718 0.039340
0 0.613038 0.182107 0.025120 0.041878
0 0.633373 0.182107 0.026316 0.041878
0 0.652213 0.181472 0.024522 0.043147
19 0.025419 0.879442 0.019737 0.038071
19 0.044856 0.880076 0.014354 0.034264
19 0.059211 0.879442 0.014354 0.032995
19 0.074462 0.879442 0.013756 0.035533
19 0.088816 0.881980 0.014952 0.032995
19 0.931519 0.879442 0.014952 0.025381
19 0.944976 0.880076 0.011962 0.026650
19 0.961124 0.880076 0.013158 0.029188
19 0.973983 0.879442 0.012560 0.030457
19 0.339115 0.234772 0.023923 0.040609
12 0.090610 0.181472 0.157297 0.055838
12 0.241029 0.180838 0.161483 0.054569
13 0.166866 0.181472 0.313397 0.068528
19 0.029605 0.108503 0.036483 0.064721
19 0.106758 0.111675 0.034091 0.060914
19 0.142644 0.111675 0.032895 0.060914
24 0.069677 0.110406 0.036483 0.058376
22 0.177931 0.110406 0.032895 0.058376
5 0.166866 0.535533 0.290670 0.043147
28 0.038577 0.265863 0.020933 0.034264
28 0.038577 0.579949 0.018541 0.038071
19 0.061603 0.266497 0.021531 0.038071
19 0.084330 0.265863 0.020335 0.039340
19 0.060108 0.578680 0.022129 0.043147
19 0.084031 0.579949 0.022129 0.043147
31 0.790072 0.225254 0.022727 0.031726
19 0.693481 0.225888 0.019737 0.038071
19 0.714713 0.227792 0.020335 0.036802
19 0.738337 0.227157 0.019737 0.035533
19 0.761364 0.227792 0.021531 0.036802