0 0.023923 0.479061 0.045455 0.072335
0 0.023923 0.548223 0.045455 0.063452
0 0.023923 0.833122 0.045455 0.072335
0 0.023923 0.899746 0.044258 0.063452
0 0.023624 0.963832 0.046053 0.069797
22 0.991926 0.133883 0.010167 0.024112
22 0.991926 0.418147 0.010167 0.021574
0 0.151017 0.055838 0.031699 0.027919
0 0.182416 0.055838 0.031100 0.027919
0 0.023923 0.346447 0.044258 0.065990
0 0.023923 0.412437 0.044258 0.063452
28 0.012560 0.096447 0.022727 0.043147
0 0.024522 0.154188 0.046651 0.069797
0 0.024821 0.218909 0.044856 0.072335
0 0.024222 0.282995 0.047249 0.060914
24 0.039175 0.093909 0.026914 0.040609
23 0.061902 0.094543 0.019737 0.041878
19 0.090311 0.094543 0.027512 0.044416
0 0.012859 0.056472 0.025718 0.034264
0 0.039773 0.055838 0.028110 0.032995
0 0.069976 0.055203 0.032297 0.031726
0 0.110347 0.055838 0.048445 0.032995
0 0.228469 0.951142 0.065789 0.044416
0 0.235048 0.285533 0.065789 0.045685
21 0.162978 0.649746 0.201555 0.583756
33 0.161782 0.335660 0.213517 0.029188
5 0.200957 0.166244 0.133971 0.035533
5 0.201256 0.201142 0.133373 0.036802
22 0.667165 0.142766 0.017344 0.029188
0 0.282596 0.180838 0.024522 0.026650
0 0.309510 0.180203 0.029306 0.025381
0 0.340311 0.179569 0.032297 0.024112
0 0.378888 0.180203 0.044856 0.025381
0 0.417165 0.179569 0.031699 0.024112
28 0.288876 0.217640 0.023923 0.041878
19 0.529306 0.218909 0.023923 0.044416
19 0.561603 0.217005 0.026316 0.038071
22 0.680024 0.256345 0.011962 0.025381
0 0.642943 0.217005 0.083732 0.040609
0 0.547548 0.270305 0.016148 0.038071
0 0.562201 0.270305 0.014354 0.038071
0 0.552931 0.313452 0.014952 0.022843
0 0.552632 0.446701 0.014354 0.022843
0 0.537978 0.472081 0.012560 0.025381
0 0.444677 0.654822 0.013756 0.020305
0 0.430024 0.678934 0.013158 0.027919
0 0.276615 0.678299 0.012560 0.026650
0 0.353469 0.625000 0.167464 0.026650
0 0.353170 0.651650 0.166866 0.026650
9 0.553529 0.338198 0.017344 0.036802
9 0.552632 0.380711 0.017943 0.162437
9 0.328648 0.680838 0.095096 0.031726
9 0.353170 0.681472 0.169258 0.035533
0 0.399821 0.211294 0.205144 0.034264
0 0.399222 0.244289 0.205144 0.031726
0 0.398923 0.279188 0.205742 0.038071
0 0.398624 0.314086 0.205144 0.031726
0 0.398923 0.345812 0.205742 0.031726
0 0.398923 0.380711 0.205742 0.038071
0 0.398923 0.415609 0.205742 0.031726
0 0.398923 0.446066 0.205742 0.029188
0 0.398624 0.478426 0.205144 0.035533
0 0.398923 0.512056 0.205742 0.031726
0 0.398923 0.547589 0.205742 0.039340
0 0.398923 0.586929 0.206938 0.039340
7 0.399522 0.388325 0.215311 0.456853
20 0.477871 0.423223 0.428230 0.628173