0 0.235347 0.284898 0.066388 0.044416
0 0.228469 0.950508 0.064593 0.043147
0 0.409988 0.355330 0.067584 0.154822
0 0.482656 0.357234 0.076555 0.156091
0 0.556220 0.356599 0.069378 0.154822
0 0.625897 0.357234 0.068780 0.156091
0 0.023923 0.479061 0.045455 0.072335
0 0.023923 0.548223 0.045455 0.063452
0 0.023923 0.833122 0.045455 0.072335
0 0.023923 0.899746 0.044258 0.063452
0 0.023624 0.963832 0.046053 0.069797
22 0.991926 0.133883 0.010167 0.024112
22 0.991926 0.418147 0.010167 0.021574
0 0.013756 0.057107 0.027512 0.030457
0 0.041268 0.057107 0.027512 0.030457
0 0.071471 0.056472 0.031699 0.029188
0 0.111244 0.056472 0.047847 0.029188
0 0.151017 0.055838 0.031699 0.027919
0 0.182416 0.055838 0.031100 0.027919
0 0.094199 0.088198 0.188397 0.034264
0 0.094199 0.119289 0.187201 0.027919
0 0.094498 0.147843 0.187799 0.029188
0 0.094498 0.179569 0.186603 0.031726
0 0.094199 0.212563 0.187201 0.034264
0 0.094199 0.247462 0.187201 0.035533
0 0.094199 0.283629 0.187201 0.036802
0 0.093900 0.318528 0.186603 0.032995
0 0.092703 0.352157 0.183014 0.034264
0 0.092105 0.385152 0.181818 0.034264
0 0.091507 0.420051 0.181818 0.035533
5 0.228170 0.166244 0.079545 0.032995
5 0.228170 0.201142 0.079545 0.034264
0 0.253888 0.353426 0.139354 0.034264
0 0.252691 0.384518 0.141746 0.027919
0 0.252392 0.416878 0.141148 0.036802
0 0.252990 0.479695 0.141148 0.032995
0 0.253289 0.512690 0.141746 0.030457
0 0.253289 0.542513 0.141746 0.029188
0 0.252990 0.571066 0.142344 0.027919
0 0.252990 0.598350 0.142344 0.026650
0 0.252691 0.628173 0.142943 0.032995
7 0.097488 0.242386 0.193780 0.416244
8 0.251196 0.494289 0.161483 0.326142