19 0.294557 0.111675 0.025718 0.048223
19 0.331938 0.119924 0.028708 0.041878
19 0.376495 0.116117 0.034091 0.041878
19 0.412380 0.114848 0.032895 0.062183
19 0.450060 0.118020 0.032895 0.048223
19 0.920754 0.119289 0.032895 0.040609
0 0.601974 0.118020 0.017344 0.022843
28 0.032297 0.117386 0.022727 0.046954
24 0.877392 0.119924 0.019139 0.041878
5 0.568780 0.122462 0.087321 0.031726
0 0.850778 0.119924 0.016148 0.024112
5 0.750598 0.120558 0.222488 0.032995
0 0.011663 0.356599 0.022129 0.022843
0 0.013158 0.756980 0.020335 0.026650
9 0.097189 0.354695 0.150120 0.031726
9 0.083433 0.758249 0.120215 0.029188
24 0.070275 0.119924 0.038876 0.052030
19 0.162679 0.121193 0.027512 0.057107
19 0.201555 0.124365 0.034689 0.053299
19 0.241328 0.119924 0.031699 0.041878
20 0.485347 0.542513 0.502990 0.717005
22 0.707835 0.208122 0.020933 0.035533
28 0.264653 0.295051 0.024522 0.046954
24 0.302333 0.296954 0.036483 0.040609
23 0.347488 0.296320 0.032297 0.046954
22 0.383373 0.294416 0.029904 0.040609
25 0.475478 0.296954 0.034689 0.043147
26 0.436902 0.296954 0.032895 0.045685
19 0.514055 0.293147 0.028110 0.053299
19 0.555323 0.296320 0.025718 0.062183
28 0.249103 0.345178 0.029306 0.027919
0 0.258672 0.252538 0.035287 0.025381
0 0.302333 0.251269 0.042464 0.027919
0 0.350478 0.248731 0.039474 0.032995
0 0.404605 0.250635 0.043660 0.021574
0 0.469199 0.250000 0.035287 0.035533
35 0.659091 0.348350 0.150718 0.153553
19 0.612739 0.299492 0.025718 0.048223
19 0.654007 0.298858 0.035287 0.044416
19 0.614234 0.350888 0.023923 0.044416
19 0.651316 0.350888 0.032297 0.041878
19 0.614833 0.398477 0.029904 0.035533
19 0.701256 0.300761 0.031699 0.043147
0 0.725778 0.299492 0.012560 0.045685
22 0.691089 0.347081 0.034091 0.046954
32 0.652811 0.206853 0.026914 0.030457