0 0.013457 0.058376 0.024522 0.025381
0 0.039773 0.057741 0.028110 0.024112
0 0.068780 0.057107 0.029904 0.022843
0 0.100778 0.057741 0.034091 0.024112
0 0.136364 0.057107 0.035885 0.022843
0 0.179127 0.057741 0.049641 0.024112
0 0.220096 0.057741 0.032297 0.024112
28 0.019139 0.096447 0.023923 0.048223
24 0.043660 0.094543 0.023923 0.046954
25 0.237440 0.093909 0.034689 0.045685
26 0.202153 0.092640 0.035885 0.045685
19 0.019139 0.142132 0.023923 0.045685
19 0.043361 0.140863 0.024522 0.045685
19 0.073864 0.140863 0.036483 0.043147
19 0.106459 0.140863 0.028708 0.040609
19 0.134270 0.142766 0.025718 0.041878
19 0.159091 0.142766 0.023923 0.041878
19 0.183911 0.142132 0.024522 0.040609
19 0.210825 0.142132 0.025718 0.040609
19 0.235646 0.140863 0.023923 0.043147
19 0.320873 0.142132 0.024522 0.043147
23 0.067285 0.092005 0.024522 0.049492
19 0.093600 0.094543 0.024522 0.049492
19 0.119916 0.093909 0.023325 0.050761
19 0.145933 0.095812 0.023923 0.052030
19 0.171053 0.093909 0.025120 0.050761
5 0.874103 0.975888 0.053230 0.038071
12 0.023026 0.213198 0.044856 0.048223
12 0.069378 0.213198 0.063397 0.045685
13 0.053230 0.213832 0.105263 0.067259
0 0.093301 0.837563 0.064593 0.043147
0 0.158194 0.837563 0.065191 0.048223
0 0.224282 0.838198 0.065789 0.046954
4 0.171651 0.418147 0.016746 0.029188
4 0.022727 0.736675 0.016746 0.034264
0 0.099581 0.453680 0.105861 0.041878
0 0.144438 0.321701 0.012560 0.013959
0 0.144139 0.333122 0.010766 0.013959
0 0.143840 0.352157 0.011364 0.013959
0 0.144139 0.361675 0.010766 0.012690
0 0.143541 0.380711 0.011962 0.015228
0 0.143840 0.393401 0.010167 0.012690
0 0.143840 0.412437 0.011364 0.015228
0 0.144139 0.423858 0.010766 0.012690
6 0.144139 0.326142 0.014354 0.030457
6 0.143840 0.357868 0.013756 0.027919
6 0.143840 0.389594 0.013756 0.027919
6 0.143840 0.418782 0.013756 0.030457
3 0.098684 0.327411 0.107656 0.038071
3 0.098684 0.357234 0.106459 0.034264
3 0.098684 0.388325 0.106459 0.032995
3 0.098684 0.418147 0.106459 0.034264
3 0.221292 0.326777 0.089713 0.031726
3 0.221292 0.357868 0.089713 0.030457
3 0.221292 0.388959 0.089713 0.031726
3 0.160885 0.618655 0.210526 0.031726
0 0.250897 0.736675 0.031699 0.044416
5 0.143242 0.530457 0.244617 0.038071
5 0.160885 0.586929 0.210526 0.036802
22 0.714115 0.020939 0.020335 0.034264
29 0.677333 0.022208 0.017344 0.034264
0 0.303529 0.982868 0.065191 0.024112
0 0.502093 0.983503 0.063995 0.025381
0 0.567285 0.983503 0.063995 0.025381
0 0.632476 0.983503 0.065191 0.027919
0 0.697967 0.982868 0.064593 0.029188
0 0.314892 0.404822 0.080742 0.142132
0 0.315191 0.544416 0.082536 0.137056
0 0.315191 0.125000 0.083732 0.143401
0 0.314892 0.264594 0.084330 0.135787
20 0.500897 0.498731 0.479067 0.997462
12 0.386065 0.067259 0.055622 0.043147
12 0.438397 0.066624 0.063397 0.041878
12 0.486543 0.067259 0.049641 0.040609
12 0.545455 0.066624 0.083732 0.039340
12 0.603170 0.066624 0.050837 0.039340
12 0.642943 0.066624 0.045455 0.039340
13 0.512261 0.066624 0.310407 0.054569
4 0.381579 0.137056 0.015550 0.030457
4 0.381579 0.232234 0.015550 0.030457
4 0.382775 0.337563 0.015550 0.030457
4 0.382476 0.369289 0.014952 0.030457
4 0.382775 0.410533 0.015550 0.029188
4 0.383074 0.440990 0.016148 0.031726
4 0.382775 0.472716 0.015550 0.031726
4 0.382775 0.550127 0.016746 0.031726
4 0.654904 0.628173 0.015550 0.027919
3 0.540072 0.628173 0.214115 0.038071
3 0.572967 0.660533 0.279904 0.039340
3 0.573266 0.725888 0.280502 0.038071
3 0.679127 0.472716 0.068780 0.039340
3 0.627990 0.371827 0.171053 0.045685
3 0.628888 0.263325 0.172847 0.041878
3 0.628888 0.184645 0.171651 0.044416
5 0.572967 0.692893 0.279904 0.038071
0 0.706041 0.177030 0.013756 0.019036
0 0.705742 0.189721 0.014354 0.016497
0 0.705742 0.255711 0.014354 0.019036
0 0.706340 0.267766 0.014354 0.017766
0 0.704844 0.361675 0.013756 0.020305
0 0.704844 0.374365 0.013756 0.020305
0 0.704844 0.466371 0.013756 0.019036
0 0.705144 0.477157 0.013158 0.017766
6 0.706340 0.182741 0.017943 0.038071
6 0.705742 0.262056 0.019139 0.036802
6 0.705443 0.371193 0.017344 0.036802
6 0.705443 0.472716 0.017344 0.039340