0 0.013457 0.058376 0.024522 0.025381
0 0.039773 0.057741 0.028110 0.024112
0 0.068780 0.057107 0.029904 0.022843
0 0.100778 0.057741 0.034091 0.024112
0 0.136364 0.057107 0.035885 0.022843
0 0.179127 0.057741 0.049641 0.024112
0 0.220096 0.057741 0.032297 0.024112
28 0.019139 0.096447 0.023923 0.048223
24 0.043660 0.094543 0.023923 0.046954
25 0.237440 0.093909 0.034689 0.045685
26 0.202153 0.092640 0.035885 0.045685
19 0.019139 0.142132 0.023923 0.045685
19 0.043361 0.140863 0.024522 0.045685
19 0.073864 0.140863 0.036483 0.043147
19 0.106459 0.140863 0.028708 0.040609
19 0.134270 0.142766 0.025718 0.041878
19 0.159091 0.142766 0.023923 0.041878
19 0.183911 0.142132 0.024522 0.040609
19 0.210825 0.142132 0.025718 0.040609
19 0.235646 0.140863 0.023923 0.043147
19 0.261364 0.142132 0.026316 0.040609
19 0.287679 0.142766 0.026316 0.039340
19 0.320873 0.142132 0.024522 0.043147
19 0.346292 0.141497 0.025120 0.044416
19 0.378589 0.140228 0.026316 0.044416
19 0.404306 0.140863 0.022727 0.043147
19 0.431220 0.142132 0.026316 0.048223
19 0.456938 0.142132 0.023923 0.045685
19 0.480861 0.142132 0.023923 0.040609
19 0.504486 0.142132 0.023325 0.040609
19 0.532596 0.142766 0.023325 0.041878
19 0.557117 0.142766 0.025718 0.041878
19 0.431220 0.095812 0.027512 0.044416
19 0.457237 0.095812 0.024522 0.044416
19 0.481758 0.096447 0.023325 0.043147
19 0.505383 0.096447 0.022727 0.043147
19 0.297847 0.097081 0.027512 0.044416
19 0.269737 0.095178 0.025120 0.045685
23 0.067285 0.092005 0.024522 0.049492
19 0.093600 0.094543 0.024522 0.049492
19 0.119916 0.093909 0.023325 0.050761
19 0.145933 0.095812 0.023923 0.052030
19 0.171053 0.093909 0.025120 0.050761
5 0.365132 0.095812 0.097488 0.039340
5 0.862141 0.974619 0.068780 0.043147
22 0.311603 0.180203 0.011962 0.025381
0 0.057117 0.270939 0.079545 0.036802
12 0.366328 0.755711 0.096292 0.044416
12 0.459330 0.755711 0.108852 0.044416
12 0.558313 0.755076 0.108254 0.045685
22 0.393242 0.755076 0.014952 0.027919
22 0.492823 0.755711 0.014354 0.026650
22 0.591208 0.755076 0.013756 0.030457
12 0.018840 0.447970 0.037679 0.035533
12 0.056519 0.447970 0.037679 0.038071
13 0.039474 0.447335 0.078947 0.049492
22 0.312201 0.317259 0.013158 0.022843
12 0.022428 0.515863 0.044856 0.046954
12 0.069378 0.515228 0.065789 0.048223
13 0.052931 0.515863 0.105861 0.064721
0 0.307117 0.543147 0.017344 0.030457
0 0.307416 0.752538 0.017943 0.027919
9 0.307715 0.593274 0.018541 0.082487
9 0.307416 0.648477 0.021531 0.243655
0 0.095993 0.753807 0.097488 0.038071
0 0.219498 0.754442 0.123206 0.039340
4 0.164773 0.718274 0.016148 0.030457
0 0.136962 0.623096 0.011962 0.015228
0 0.136663 0.633249 0.010167 0.015228
0 0.136962 0.652919 0.011962 0.016497
0 0.137261 0.663706 0.010167 0.012690
0 0.136663 0.693528 0.012560 0.016497
0 0.136962 0.683376 0.011962 0.016497
0 0.136663 0.712563 0.012560 0.019036
0 0.137261 0.724619 0.011364 0.017766
0 0.272129 0.622462 0.011962 0.019036
0 0.272129 0.631980 0.010766 0.017766
0 0.271830 0.653553 0.010167 0.017766
0 0.271830 0.662437 0.010167 0.017766
0 0.271830 0.682741 0.012560 0.017766
0 0.272129 0.691624 0.011962 0.017766
6 0.136663 0.626904 0.013756 0.030457
6 0.136962 0.658629 0.014354 0.030457
6 0.136962 0.689721 0.014354 0.029188
6 0.136663 0.717640 0.013756 0.031726
6 0.272428 0.626269 0.012560 0.034264
6 0.271531 0.657995 0.014354 0.031726
6 0.271830 0.687183 0.014952 0.031726
3 0.095993 0.628807 0.098684 0.039340
3 0.095694 0.658629 0.099282 0.035533
3 0.095993 0.687817 0.098684 0.035533
3 0.095694 0.718909 0.099282 0.034264
3 0.225179 0.628173 0.113038 0.035533
3 0.225478 0.658629 0.112440 0.032995
3 0.225179 0.687817 0.113038 0.038071
22 0.994019 0.793147 0.010766 0.022843