0 0.013457 0.058376 0.024522 0.025381
0 0.039773 0.057741 0.028110 0.024112
0 0.068780 0.057107 0.029904 0.022843
0 0.100778 0.057741 0.034091 0.024112
0 0.136364 0.057107 0.035885 0.022843
0 0.179127 0.057741 0.049641 0.024112
0 0.220096 0.057741 0.032297 0.024112
28 0.019139 0.096447 0.023923 0.048223
24 0.043660 0.094543 0.023923 0.046954
25 0.237440 0.093909 0.034689 0.045685
26 0.202153 0.092640 0.035885 0.045685
19 0.019139 0.142132 0.023923 0.045685
19 0.043361 0.140863 0.024522 0.045685
19 0.073864 0.140863 0.036483 0.043147
19 0.106459 0.140863 0.028708 0.040609
19 0.134270 0.142766 0.025718 0.041878
19 0.159091 0.142766 0.023923 0.041878
19 0.183911 0.142132 0.024522 0.040609
19 0.210825 0.142132 0.025718 0.040609
19 0.235646 0.140863 0.023923 0.043147
19 0.320873 0.142132 0.024522 0.043147
23 0.067285 0.092005 0.024522 0.049492
19 0.093600 0.094543 0.024522 0.049492
19 0.119916 0.093909 0.023325 0.050761
19 0.145933 0.095812 0.023923 0.052030
19 0.171053 0.093909 0.025120 0.050761
5 0.874103 0.975888 0.053230 0.038071
12 0.023026 0.213198 0.044856 0.048223
12 0.069378 0.213198 0.063397 0.045685
13 0.053230 0.213832 0.105263 0.067259
0 0.093301 0.837563 0.064593 0.043147
0 0.158194 0.837563 0.065191 0.048223
0 0.224282 0.838198 0.065789 0.046954
4 0.171651 0.418147 0.016746 0.029188
4 0.022727 0.736675 0.016746 0.034264
0 0.099581 0.453680 0.105861 0.041878
0 0.144438 0.321701 0.012560 0.013959
0 0.144139 0.333122 0.010766 0.013959
0 0.143840 0.352157 0.011364 0.013959
0 0.144139 0.361675 0.010766 0.012690
0 0.143541 0.380711 0.011962 0.015228
0 0.143840 0.393401 0.010167 0.012690
0 0.143840 0.412437 0.011364 0.015228
0 0.144139 0.423858 0.010766 0.012690
6 0.144139 0.326142 0.014354 0.030457
6 0.143840 0.357868 0.013756 0.027919
6 0.143840 0.389594 0.013756 0.027919
6 0.143840 0.418782 0.013756 0.030457
3 0.098684 0.327411 0.107656 0.038071
3 0.098684 0.357234 0.106459 0.034264
3 0.098684 0.388325 0.106459 0.032995
3 0.098684 0.418147 0.106459 0.034264
3 0.221292 0.326777 0.089713 0.031726
3 0.221292 0.357868 0.089713 0.030457
3 0.221292 0.388959 0.089713 0.031726
3 0.160885 0.618655 0.210526 0.031726
0 0.250897 0.736675 0.031699 0.044416
5 0.143242 0.530457 0.244617 0.038071
5 0.160885 0.586929 0.210526 0.036802
22 0.714115 0.020939 0.020335 0.034264
29 0.677333 0.022208 0.017344 0.034264
0 0.303529 0.982868 0.065191 0.024112
0 0.502093 0.983503 0.063995 0.025381
0 0.567285 0.983503 0.063995 0.025381
0 0.632476 0.983503 0.065191 0.027919
0 0.697967 0.982868 0.064593 0.029188
0 0.314892 0.404822 0.080742 0.142132
0 0.315191 0.544416 0.082536 0.137056
0 0.315191 0.125000 0.083732 0.143401
0 0.314892 0.264594 0.084330 0.135787
20 0.500598 0.498096 0.482057 0.996193
12 0.378289 0.067893 0.040072 0.044416
12 0.410586 0.067893 0.042464 0.041878
12 0.444976 0.067893 0.041866 0.041878
12 0.481459 0.068528 0.046651 0.040609
12 0.517943 0.069162 0.043062 0.039340
12 0.552333 0.069162 0.043660 0.039340
13 0.467105 0.068528 0.223684 0.060914
4 0.382775 0.430838 0.015550 0.029188
4 0.382775 0.461929 0.015550 0.030457
4 0.383074 0.493655 0.016148 0.032995
0 0.705144 0.133883 0.013158 0.019036
0 0.705144 0.146574 0.013158 0.016497
0 0.704545 0.258249 0.011962 0.016497
0 0.704844 0.325508 0.012560 0.019036
0 0.704545 0.336929 0.011962 0.019036
0 0.704545 0.358503 0.013158 0.016497
0 0.704545 0.371827 0.013158 0.017766
0 0.704545 0.392132 0.011962 0.017766
0 0.704545 0.403553 0.011962 0.017766
6 0.704844 0.139594 0.016148 0.035533
6 0.704545 0.331218 0.017943 0.035533
6 0.704844 0.366751 0.017344 0.032995
6 0.704844 0.398477 0.016148 0.035533
3 0.628888 0.140863 0.171651 0.043147
3 0.629187 0.331853 0.172249 0.039340
3 0.628888 0.364848 0.171651 0.039340
3 0.628888 0.398477 0.170455 0.038071
5 0.628589 0.203680 0.171053 0.097716
0 0.628888 0.196066 0.164474 0.019036
0 0.628888 0.215736 0.164474 0.017766
0 0.628888 0.234137 0.164474 0.019036