0 0.023923 0.479061 0.045455 0.072335
0 0.023923 0.548223 0.045455 0.063452
0 0.023923 0.833122 0.045455 0.072335
0 0.023923 0.899746 0.044258 0.063452
0 0.023624 0.963832 0.046053 0.069797
22 0.991926 0.133883 0.010167 0.024112
22 0.991926 0.418147 0.010167 0.021574
0 0.151017 0.055838 0.031699 0.027919
0 0.182416 0.055838 0.031100 0.027919
0 0.023923 0.346447 0.044258 0.065990
0 0.023923 0.412437 0.044258 0.063452
28 0.012560 0.096447 0.022727 0.043147
0 0.024522 0.154188 0.046651 0.069797
0 0.024821 0.218909 0.044856 0.072335
0 0.024222 0.282995 0.047249 0.060914
24 0.039175 0.093909 0.026914 0.040609
23 0.061902 0.094543 0.019737 0.041878
0 0.237739 0.557741 0.060407 0.041878
4 0.151615 0.557741 0.014952 0.031726
3 0.121411 0.557741 0.045455 0.036802
19 0.090311 0.094543 0.027512 0.044416
19 0.118421 0.095178 0.026316 0.045685
19 0.323266 0.095178 0.028110 0.040609
19 0.351376 0.095812 0.023325 0.039340
19 0.376495 0.094543 0.026914 0.039340
19 0.404605 0.095812 0.026914 0.041878
19 0.143541 0.094543 0.022727 0.046954
0 0.012859 0.056472 0.025718 0.034264
0 0.039773 0.055838 0.028110 0.032995
0 0.069976 0.055203 0.032297 0.031726
0 0.110347 0.055838 0.048445 0.032995
0 0.230562 0.090102 0.126196 0.035533
0 0.230861 0.128173 0.126794 0.038071
0 0.230861 0.164340 0.126794 0.034264
0 0.231160 0.199873 0.127392 0.036802
7 0.231160 0.131980 0.136962 0.195431