0 0.023923 0.479061 0.045455 0.072335
0 0.023923 0.548223 0.045455 0.063452
0 0.023923 0.833122 0.045455 0.072335
0 0.023923 0.899746 0.044258 0.063452
0 0.023624 0.963832 0.046053 0.069797
22 0.991926 0.133883 0.010167 0.024112
22 0.991926 0.418147 0.010167 0.021574
0 0.013756 0.057107 0.027512 0.030457
0 0.041268 0.057107 0.027512 0.030457
0 0.071471 0.056472 0.031699 0.029188
0 0.111244 0.056472 0.047847 0.029188
0 0.151017 0.055838 0.031699 0.027919
0 0.182416 0.055838 0.031100 0.027919
0 0.023923 0.346447 0.044258 0.065990
0 0.023923 0.412437 0.044258 0.063452
28 0.012560 0.096447 0.022727 0.043147
0 0.024522 0.154188 0.046651 0.069797
0 0.024821 0.218909 0.044856 0.072335
0 0.024222 0.282995 0.047249 0.060914
24 0.039175 0.093909 0.026914 0.040609
23 0.061902 0.094543 0.019737 0.041878
19 0.090311 0.094543 0.026316 0.044416
19 0.118421 0.093909 0.023923 0.043147
19 0.142943 0.094543 0.023923 0.041878
19 0.166567 0.095812 0.023325 0.041878
19 0.191986 0.096447 0.026316 0.040609
19 0.276017 0.095178 0.024522 0.040609
19 0.300239 0.095812 0.022727 0.039340
19 0.324462 0.095812 0.024522 0.039340
19 0.351376 0.096447 0.025718 0.040609
19 0.377392 0.097081 0.026316 0.039340
19 0.404904 0.096447 0.028708 0.038071
25 0.247010 0.095178 0.025120 0.040609
26 0.220694 0.095178 0.025120 0.043147
0 0.237739 0.557741 0.060407 0.041878
4 0.151615 0.557741 0.014952 0.031726
3 0.121411 0.557741 0.045455 0.036802