0 0.023923 0.479061 0.045455 0.072335
0 0.023923 0.548223 0.045455 0.063452
0 0.023923 0.833122 0.045455 0.072335
0 0.023923 0.899746 0.044258 0.063452
0 0.023624 0.963832 0.046053 0.069797
22 0.991926 0.133883 0.010167 0.024112
22 0.991926 0.418147 0.010167 0.021574
0 0.013756 0.057107 0.027512 0.030457
0 0.041268 0.057107 0.027512 0.030457
0 0.071471 0.056472 0.031699 0.029188
0 0.111244 0.056472 0.047847 0.029188
0 0.151017 0.055838 0.031699 0.027919
0 0.182416 0.055838 0.031100 0.027919
0 0.023923 0.346447 0.044258 0.065990
0 0.023923 0.412437 0.044258 0.063452
28 0.012560 0.096447 0.022727 0.043147
0 0.024522 0.154188 0.046651 0.069797
0 0.024821 0.218909 0.044856 0.072335
0 0.024222 0.282995 0.047249 0.060914
24 0.039175 0.093909 0.026914 0.040609
23 0.061902 0.094543 0.019737 0.041878
0 0.237739 0.557741 0.060407 0.041878
4 0.151615 0.557741 0.014952 0.031726
3 0.121411 0.557741 0.045455 0.036802
19 0.090311 0.094543 0.027512 0.044416
19 0.118421 0.095178 0.026316 0.045685
19 0.323266 0.095178 0.028110 0.040609
19 0.351376 0.095812 0.023325 0.039340
19 0.376495 0.094543 0.026914 0.039340
19 0.404605 0.095812 0.026914 0.041878
0 0.219797 0.088198 0.172847 0.034264
0 0.219797 0.120558 0.171651 0.030457
0 0.219797 0.151650 0.171651 0.029188
0 0.220096 0.187183 0.172249 0.039340
0 0.219797 0.225254 0.171651 0.036802
0 0.219797 0.263325 0.171651 0.039340
0 0.219797 0.303934 0.171651 0.041878
7 0.220395 0.187817 0.182416 0.309645