0 0.023923 0.479061 0.045455 0.072335
0 0.023923 0.548223 0.045455 0.063452
0 0.023923 0.833122 0.045455 0.072335
0 0.023923 0.899746 0.044258 0.063452
0 0.023624 0.963832 0.046053 0.069797
22 0.991926 0.133883 0.010167 0.024112
22 0.991926 0.418147 0.010167 0.021574
0 0.013756 0.057107 0.027512 0.030457
0 0.041268 0.057107 0.027512 0.030457
0 0.071471 0.056472 0.031699 0.029188
0 0.111244 0.056472 0.047847 0.029188
0 0.151017 0.055838 0.031699 0.027919
0 0.182416 0.055838 0.031100 0.027919
0 0.023923 0.346447 0.044258 0.065990
0 0.023923 0.412437 0.044258 0.063452
28 0.012560 0.096447 0.022727 0.043147
0 0.024522 0.154188 0.046651 0.069797
0 0.024821 0.218909 0.044856 0.072335
0 0.024222 0.282995 0.047249 0.060914
24 0.039175 0.093909 0.026914 0.040609
23 0.061902 0.094543 0.019737 0.041878
0 0.237739 0.557741 0.060407 0.041878
4 0.151615 0.557741 0.014952 0.031726
3 0.121411 0.557741 0.045455 0.036802
0 0.194378 0.086929 0.217703 0.031726
0 0.194079 0.118020 0.217105 0.030457
0 0.194378 0.153553 0.217703 0.040609
0 0.194079 0.187817 0.217105 0.027919
0 0.194378 0.217005 0.217703 0.030457
0 0.194079 0.246827 0.217105 0.029188
0 0.194677 0.276650 0.217105 0.030457
0 0.194378 0.308376 0.217703 0.030457
0 0.193780 0.343274 0.216507 0.039340
0 0.193780 0.380076 0.218900 0.034264
7 0.194677 0.221447 0.224282 0.371827
0 0.369617 0.092005 0.144737 0.031726
0 0.369617 0.123096 0.144737 0.030457
0 0.369617 0.156091 0.143541 0.035533
8 0.364833 0.125635 0.162679 0.114213