0 0.013457 0.058376 0.024522 0.025381
0 0.039773 0.057741 0.028110 0.024112
0 0.068780 0.057107 0.029904 0.022843
0 0.100778 0.057741 0.034091 0.024112
0 0.136364 0.057107 0.035885 0.022843
0 0.179127 0.057741 0.049641 0.024112
0 0.220096 0.057741 0.032297 0.024112
28 0.019139 0.096447 0.023923 0.048223
24 0.043660 0.094543 0.023923 0.046954
25 0.237440 0.093909 0.034689 0.045685
26 0.202153 0.092640 0.035885 0.045685
19 0.019139 0.142132 0.023923 0.045685
19 0.043361 0.140863 0.024522 0.045685
19 0.073864 0.140863 0.036483 0.043147
19 0.106459 0.140863 0.028708 0.040609
19 0.134270 0.142766 0.025718 0.041878
19 0.159091 0.142766 0.023923 0.041878
19 0.183911 0.142132 0.024522 0.040609
19 0.210825 0.142132 0.025718 0.040609
19 0.235646 0.140863 0.023923 0.043147
19 0.261364 0.142132 0.026316 0.040609
19 0.287679 0.142766 0.026316 0.039340
19 0.320873 0.142132 0.024522 0.043147
19 0.346292 0.141497 0.025120 0.044416
19 0.378589 0.140228 0.026316 0.044416
19 0.404306 0.140863 0.022727 0.043147
19 0.431220 0.142132 0.026316 0.048223
19 0.456938 0.142132 0.023923 0.045685
19 0.480861 0.142132 0.023923 0.040609
19 0.504486 0.142132 0.023325 0.040609
19 0.532596 0.142766 0.023325 0.041878
19 0.557117 0.142766 0.025718 0.041878
19 0.431220 0.095812 0.027512 0.044416
19 0.457237 0.095812 0.024522 0.044416
19 0.481758 0.096447 0.023325 0.043147
19 0.505383 0.096447 0.022727 0.043147
19 0.297847 0.097081 0.027512 0.044416
19 0.269737 0.095178 0.025120 0.045685
23 0.067285 0.092005 0.024522 0.049492
19 0.093600 0.094543 0.024522 0.049492
19 0.119916 0.093909 0.023325 0.050761
19 0.145933 0.095812 0.023923 0.052030
19 0.171053 0.093909 0.025120 0.050761
5 0.365132 0.095812 0.097488 0.039340
5 0.862141 0.974619 0.068780 0.043147
22 0.994318 0.720178 0.010167 0.026650
22 0.591806 0.683376 0.013756 0.024112
22 0.492823 0.682107 0.014354 0.026650
22 0.393541 0.682741 0.014354 0.027919
12 0.366029 0.683376 0.095694 0.046954
12 0.459928 0.683376 0.106459 0.046954
12 0.558313 0.682741 0.105861 0.045685
0 0.307416 0.681472 0.017943 0.030457
0 0.307416 0.416878 0.017943 0.031726
22 0.311603 0.180203 0.011962 0.025381
0 0.057117 0.270939 0.079545 0.036802
0 0.095993 0.628173 0.097488 0.040609
0 0.219199 0.627538 0.122608 0.041878
9 0.307416 0.487310 0.017943 0.124365
9 0.308014 0.548858 0.022727 0.298223
4 0.164773 0.592005 0.014952 0.029188
12 0.022129 0.387690 0.044258 0.046954
12 0.069677 0.387690 0.065191 0.046954
13 0.053230 0.387690 0.105263 0.067259
0 0.136663 0.497462 0.011364 0.017766
0 0.136663 0.509518 0.010167 0.016497
0 0.271830 0.495558 0.012560 0.016497
0 0.271830 0.509518 0.012560 0.013959
0 0.136962 0.528553 0.011962 0.016497
0 0.137560 0.538706 0.010766 0.016497
0 0.272129 0.526650 0.011962 0.017766
0 0.272129 0.538071 0.010766 0.017766
0 0.272129 0.557107 0.011962 0.015228
0 0.272129 0.565990 0.010766 0.017766
0 0.136962 0.557741 0.011962 0.019036
0 0.136962 0.569162 0.010766 0.019036
0 0.136962 0.586294 0.011962 0.017766
0 0.136663 0.597081 0.011364 0.019036
6 0.136962 0.501269 0.015550 0.032995
6 0.136962 0.532360 0.015550 0.031726
6 0.136962 0.562183 0.015550 0.030457
6 0.136663 0.593274 0.014952 0.031726
6 0.271830 0.501904 0.013756 0.031726
6 0.272129 0.532995 0.014354 0.032995
6 0.272129 0.563452 0.014354 0.032995
3 0.095395 0.502538 0.101077 0.038071
3 0.095096 0.533629 0.100478 0.036802
3 0.095096 0.563452 0.099282 0.038071
3 0.095096 0.593274 0.098086 0.039340
3 0.224282 0.503807 0.111244 0.035533
3 0.224581 0.532360 0.110646 0.034264
3 0.224581 0.562817 0.110646 0.039340