0 0.023923 0.479061 0.045455 0.072335
0 0.023923 0.548223 0.045455 0.063452
0 0.023923 0.833122 0.045455 0.072335
0 0.023923 0.899746 0.044258 0.063452
0 0.023624 0.963832 0.046053 0.069797
22 0.991926 0.133883 0.010167 0.024112
22 0.991926 0.418147 0.010167 0.021574
0 0.013756 0.057107 0.027512 0.030457
0 0.041268 0.057107 0.027512 0.030457
0 0.071471 0.056472 0.031699 0.029188
0 0.023923 0.346447 0.044258 0.065990
0 0.023923 0.412437 0.044258 0.063452
28 0.012560 0.096447 0.022727 0.043147
0 0.024522 0.154188 0.046651 0.069797
0 0.024821 0.218909 0.044856 0.072335
0 0.024222 0.282995 0.047249 0.060914
24 0.039175 0.093909 0.026914 0.040609
23 0.061902 0.094543 0.019737 0.041878
22 0.896830 0.080584 0.041268 0.044416
29 0.858553 0.079315 0.016148 0.036802
20 0.500299 0.500635 0.845096 0.902284
0 0.746112 0.906091 0.063995 0.045685
0 0.811304 0.904822 0.065191 0.045685
0 0.876196 0.904822 0.065789 0.043147