0 0.013457 0.058376 0.024522 0.025381
0 0.039773 0.057741 0.028110 0.024112
0 0.068780 0.057107 0.029904 0.022843
0 0.100778 0.057741 0.034091 0.024112
0 0.136364 0.057107 0.035885 0.022843
0 0.179127 0.057741 0.049641 0.024112
0 0.220096 0.057741 0.032297 0.024112
19 0.287679 0.142766 0.026316 0.039340
19 0.320873 0.142132 0.024522 0.043147
19 0.346292 0.141497 0.025120 0.044416
19 0.378589 0.140228 0.026316 0.044416
19 0.404306 0.140863 0.022727 0.043147
19 0.431220 0.142132 0.026316 0.048223
19 0.456938 0.142132 0.023923 0.045685
19 0.480861 0.142132 0.023923 0.040609
19 0.504486 0.142132 0.023325 0.040609
19 0.532596 0.142766 0.023325 0.041878
19 0.557117 0.142766 0.025718 0.041878
19 0.431220 0.095812 0.027512 0.044416
19 0.457237 0.095812 0.024522 0.044416
19 0.481758 0.096447 0.023325 0.043147
19 0.505383 0.096447 0.022727 0.043147
19 0.297847 0.097081 0.027512 0.044416
5 0.365132 0.095812 0.097488 0.039340
5 0.874103 0.975888 0.053230 0.038071
28 0.019139 0.095812 0.025120 0.046954
24 0.042464 0.095178 0.021531 0.045685
19 0.019438 0.140228 0.024522 0.041878
19 0.042763 0.140863 0.022129 0.040609
4 0.022727 0.736041 0.016746 0.032995
0 0.093002 0.838198 0.063995 0.044416
0 0.157895 0.838832 0.065789 0.045685
0 0.223684 0.839467 0.065789 0.046954
0 0.164474 0.088832 0.220096 0.035533
0 0.164474 0.121827 0.220096 0.030457
0 0.164773 0.151650 0.219498 0.029188
0 0.164474 0.183376 0.221292 0.034264
0 0.164474 0.217005 0.221292 0.032995
0 0.164773 0.248096 0.221890 0.029188
0 0.164474 0.277919 0.221292 0.030457
0 0.164175 0.310279 0.221890 0.034264
0 0.163876 0.342005 0.221292 0.029188
0 0.163876 0.370558 0.223684 0.027919
0 0.163876 0.397843 0.222488 0.026650
0 0.163876 0.425127 0.223684 0.030457
0 0.164175 0.454315 0.223086 0.025381
0 0.163876 0.482234 0.223684 0.030457
0 0.164175 0.515228 0.223086 0.035533
0 0.163577 0.546954 0.223086 0.027919
0 0.163876 0.574873 0.222488 0.027919
0 0.164175 0.604695 0.223086 0.031726
0 0.164175 0.636421 0.223086 0.031726
0 0.164175 0.668147 0.223086 0.031726
0 0.163876 0.698604 0.222488 0.029188
0 0.163876 0.728426 0.222488 0.030457
0 0.163876 0.762690 0.222488 0.040609
7 0.165670 0.416244 0.233254 0.756345
12 0.366627 0.940990 0.096890 0.046954
12 0.457835 0.940355 0.095096 0.045685
22 0.394139 0.941624 0.014354 0.022843
22 0.492823 0.939086 0.015550 0.025381
12 0.558313 0.939721 0.109450 0.046954
22 0.591806 0.940355 0.013756 0.027919
0 0.323565 0.728426 0.107656 0.032995
0 0.323864 0.758883 0.107057 0.027919
0 0.323565 0.785533 0.106459 0.025381
0 0.323565 0.810914 0.107656 0.025381
0 0.323266 0.840736 0.107057 0.034264
0 0.323565 0.872462 0.107656 0.029188
8 0.320275 0.799492 0.122608 0.195431