0 0.228469 0.950508 0.064593 0.043147
0 0.409988 0.355330 0.067584 0.154822
0 0.482656 0.357234 0.076555 0.156091
0 0.556220 0.356599 0.069378 0.154822
0 0.625897 0.357234 0.068780 0.156091
0 0.023923 0.479061 0.045455 0.072335
0 0.023923 0.548223 0.045455 0.063452
0 0.023923 0.833122 0.045455 0.072335
0 0.023923 0.899746 0.044258 0.063452
0 0.023624 0.963832 0.046053 0.069797
22 0.991926 0.133883 0.010167 0.024112
22 0.991926 0.418147 0.010167 0.021574
0 0.013756 0.057107 0.027512 0.030457
0 0.041268 0.057107 0.027512 0.030457
0 0.071471 0.056472 0.031699 0.029188
0 0.111244 0.056472 0.047847 0.029188
0 0.151017 0.055838 0.031699 0.027919
0 0.182416 0.055838 0.031100 0.027919
0 0.339414 0.354695 0.071172 0.153553
0 0.023923 0.346447 0.044258 0.065990
0 0.023923 0.412437 0.044258 0.063452
28 0.012560 0.096447 0.022727 0.043147
21 0.163577 0.692893 0.200359 0.489848
0 0.024522 0.154188 0.046651 0.069797
0 0.024821 0.218909 0.044856 0.072335
0 0.024222 0.282995 0.047249 0.060914
24 0.039175 0.093909 0.026914 0.040609
0 0.153110 0.090102 0.199761 0.035533
0 0.153409 0.122462 0.199163 0.029188
0 0.153409 0.151015 0.199163 0.030457
0 0.153708 0.180838 0.199761 0.029188
0 0.153708 0.210025 0.199761 0.029188
0 0.153708 0.239848 0.199761 0.030457
0 0.154007 0.271574 0.200359 0.032995
0 0.153708 0.311548 0.199761 0.046954
0 0.153708 0.352792 0.199761 0.035533
0 0.153708 0.388325 0.199761 0.035533
0 0.154007 0.426396 0.200359 0.040609
7 0.155502 0.247462 0.211722 0.428934