0 0.012859 0.058376 0.025718 0.032995
0 0.039773 0.057741 0.028110 0.031726
0 0.068780 0.056472 0.029904 0.029188
0 0.101376 0.057107 0.036483 0.030457
0 0.143242 0.056472 0.047249 0.029188
0 0.189892 0.057107 0.046053 0.030457
0 0.229665 0.057107 0.033493 0.030457
0 0.275419 0.057741 0.058014 0.031726
0 0.327751 0.057107 0.046651 0.030457
0 0.372309 0.058376 0.042464 0.030457
0 0.409689 0.059010 0.032297 0.031726
22 0.983553 0.135152 0.013756 0.029188
22 0.063696 0.138325 0.016148 0.027919
12 0.042165 0.137690 0.080742 0.044416
28 0.019438 0.097081 0.024522 0.041878
24 0.044258 0.097081 0.023923 0.044416
23 0.068182 0.097081 0.023923 0.044416
19 0.093301 0.096447 0.023923 0.045685
19 0.120514 0.095812 0.025718 0.041878
19 0.145634 0.096447 0.024522 0.040609
19 0.225778 0.098350 0.024522 0.044416
19 0.251196 0.098985 0.025120 0.043147
19 0.282895 0.097081 0.026316 0.044416
19 0.311603 0.096447 0.023923 0.045685
19 0.383971 0.098350 0.023923 0.044416
19 0.409390 0.098985 0.026914 0.043147
19 0.434809 0.095178 0.020335 0.045685
19 0.468600 0.097716 0.018541 0.043147
34 0.347488 0.097081 0.052632 0.039340
26 0.172847 0.096447 0.025120 0.045685
25 0.198565 0.095812 0.025120 0.044416
22 0.155801 0.137690 0.014952 0.024112
12 0.127093 0.138959 0.097488 0.044416
22 0.248804 0.137056 0.014354 0.025381
12 0.218900 0.140228 0.102871 0.044416
22 0.341507 0.137690 0.014354 0.026650
22 0.435407 0.137056 0.014354 0.027919
12 0.404605 0.138959 0.102273 0.044416
12 0.311603 0.140228 0.104067 0.044416
13 0.229366 0.138325 0.457536 0.060914
0 0.743122 0.166244 0.014952 0.025381
0 0.735646 0.788706 0.014354 0.024112
0 0.735945 0.838198 0.016148 0.024112
0 0.527213 0.864213 0.013756 0.027919
0 0.720694 0.863579 0.013158 0.026650
9 0.736244 0.812183 0.016746 0.038071
9 0.735646 0.812817 0.020335 0.079949
9 0.578947 0.865482 0.096890 0.030457
9 0.623804 0.862944 0.209330 0.038071
0 0.639055 0.828680 0.170455 0.020305
9 0.743720 0.277919 0.019737 0.187817
22 0.736842 0.396574 0.017943 0.026650
29 0.700359 0.396574 0.013158 0.029188
20 0.624701 0.572970 0.274522 0.417513
0 0.652512 0.739213 0.064593 0.039340
0 0.717703 0.739848 0.065789 0.043147
0 0.711124 0.480330 0.078947 0.041878
0 0.710825 0.519670 0.079545 0.041878
0 0.710825 0.561548 0.079545 0.039340
0 0.710227 0.601523 0.079545 0.040609
0 0.710526 0.643401 0.078947 0.043147
4 0.506579 0.686548 0.016746 0.030457
21 0.585227 0.565355 0.174043 0.219543