0 0.012859 0.058376 0.025718 0.032995
0 0.039773 0.057741 0.028110 0.031726
0 0.068780 0.056472 0.029904 0.029188
0 0.101376 0.057107 0.036483 0.030457
0 0.143242 0.056472 0.047249 0.029188
0 0.189892 0.057107 0.046053 0.030457
0 0.229665 0.057107 0.033493 0.030457
0 0.275419 0.057741 0.058014 0.031726
0 0.327751 0.057107 0.046651 0.030457
0 0.372309 0.058376 0.042464 0.030457
0 0.409689 0.059010 0.032297 0.031726
22 0.983553 0.135152 0.013756 0.029188
19 0.409390 0.098985 0.026914 0.043147
19 0.434809 0.095178 0.020335 0.045685
19 0.468600 0.097716 0.018541 0.043147
19 0.224880 0.090102 0.025120 0.027919
19 0.250000 0.090102 0.025120 0.027919
19 0.284091 0.090736 0.026316 0.029188
19 0.311304 0.089467 0.019737 0.026650
19 0.383074 0.090102 0.020933 0.025381
5 0.347787 0.088832 0.050837 0.022843
0 0.101077 0.091371 0.202153 0.035533
0 0.098684 0.124365 0.196172 0.030457
0 0.098385 0.159898 0.195574 0.040609
0 0.098385 0.193528 0.195574 0.026650
0 0.098086 0.223350 0.196172 0.032995
0 0.097787 0.253807 0.195574 0.027919
0 0.098385 0.284264 0.195574 0.032995
0 0.101675 0.317259 0.202153 0.032995
0 0.101077 0.350254 0.202153 0.032995
0 0.101675 0.384518 0.202153 0.035533
0 0.101376 0.420051 0.201555 0.035533
0 0.101675 0.451142 0.203349 0.026650
0 0.101376 0.480330 0.202751 0.031726
0 0.101376 0.518401 0.202751 0.044416
0 0.293361 0.125000 0.191986 0.034264
0 0.293361 0.160533 0.191986 0.034264
0 0.293062 0.191624 0.192584 0.030457
0 0.291866 0.224619 0.193780 0.035533
0 0.293062 0.262056 0.192584 0.039340
7 0.103469 0.291878 0.206938 0.517766
8 0.289474 0.197335 0.208134 0.191624