0 0.012859 0.058376 0.025718 0.032995
0 0.039773 0.057741 0.028110 0.031726
0 0.068780 0.056472 0.029904 0.029188
0 0.101376 0.057107 0.036483 0.030457
0 0.143242 0.056472 0.047249 0.029188
0 0.189892 0.057107 0.046053 0.030457
0 0.229665 0.057107 0.033493 0.030457
0 0.275419 0.057741 0.058014 0.031726
0 0.327751 0.057107 0.046651 0.030457
0 0.372309 0.058376 0.042464 0.030457
0 0.409689 0.059010 0.032297 0.031726
22 0.983553 0.135152 0.013756 0.029188
22 0.063696 0.138325 0.016148 0.027919
12 0.042165 0.137690 0.080742 0.044416
28 0.019438 0.097081 0.024522 0.041878
24 0.044258 0.097081 0.023923 0.044416
23 0.068182 0.097081 0.023923 0.044416
19 0.093301 0.096447 0.023923 0.045685
19 0.120514 0.095812 0.025718 0.041878
19 0.145634 0.096447 0.024522 0.040609
19 0.225778 0.098350 0.024522 0.044416
19 0.251196 0.098985 0.025120 0.043147
19 0.282895 0.097081 0.026316 0.044416
19 0.311603 0.096447 0.023923 0.045685
19 0.383971 0.098350 0.023923 0.044416
19 0.409390 0.098985 0.026914 0.043147
19 0.434809 0.095178 0.020335 0.045685
19 0.468600 0.097716 0.018541 0.043147
34 0.347488 0.097081 0.052632 0.039340
26 0.172847 0.096447 0.025120 0.045685
25 0.198565 0.095812 0.025120 0.044416
22 0.701256 0.230330 0.020933 0.036802
29 0.664474 0.230330 0.020335 0.036802
0 0.312500 0.822970 0.065191 0.044416
0 0.485945 0.822970 0.063995 0.041878
0 0.550837 0.822970 0.064593 0.044416
0 0.616029 0.822970 0.065789 0.046954
0 0.682117 0.823604 0.066388 0.048223
4 0.536483 0.352792 0.015550 0.030457
4 0.411782 0.548858 0.014952 0.031726
5 0.404605 0.366117 0.073565 0.039340
5 0.477871 0.366117 0.072967 0.039340
5 0.426734 0.512690 0.046053 0.043147
5 0.473684 0.513325 0.044258 0.041878
12 0.327452 0.282360 0.096292 0.041878
12 0.390251 0.282360 0.048445 0.039340
12 0.445275 0.282360 0.081938 0.041878
13 0.383373 0.281726 0.212919 0.053299
3 0.430024 0.592640 0.125598 0.040609
5 0.447967 0.412437 0.087321 0.043147
5 0.447967 0.463832 0.087321 0.041878
5 0.449163 0.698604 0.088517 0.036802
5 0.448864 0.743655 0.089115 0.040609
0 0.747608 0.480964 0.016746 0.027919
0 0.747309 0.755076 0.016148 0.025381
22 0.734749 0.401015 0.018541 0.035533
20 0.626196 0.575508 0.276316 0.427665
20 0.497907 0.531726 0.462321 0.672589
19 0.513756 0.446066 0.020335 0.039340
19 0.537081 0.446066 0.019139 0.041878
19 0.562201 0.446066 0.025120 0.041878
19 0.587321 0.446066 0.022727 0.041878
19 0.610048 0.444797 0.022727 0.041878
9 0.747907 0.564721 0.019737 0.149746
9 0.747010 0.617386 0.021531 0.305838
17 0.552931 0.751904 0.050837 0.024112
22 0.155801 0.137690 0.014952 0.024112
12 0.127093 0.138959 0.097488 0.044416
13 0.090311 0.138959 0.177033 0.059645