22 0.987141 0.008883 0.013756 0.017766
32 0.962022 0.012056 0.013756 0.016497
0 0.009868 0.038706 0.014952 0.016497
0 0.028409 0.037437 0.018541 0.013959
0 0.049940 0.038071 0.022129 0.020305
0 0.082835 0.037437 0.034091 0.016497
23 0.203349 0.100888 0.014354 0.024112
31 0.133373 0.113579 0.015550 0.026650
12 0.016148 0.068528 0.023923 0.022843
0 0.239833 0.102157 0.011962 0.016497
5 0.230562 0.100254 0.034091 0.017766
3 0.343600 0.101523 0.144139 0.027919
3 0.537380 0.104061 0.170455 0.025381
3 0.715311 0.102157 0.155502 0.024112
3 0.912380 0.098985 0.154904 0.027919
12 0.170455 0.822335 0.051435 0.027919
12 0.218900 0.821066 0.045455 0.027919
12 0.253888 0.820431 0.028110 0.034264
12 0.281998 0.819797 0.024522 0.025381
13 0.220694 0.820431 0.155502 0.046954
21 0.499402 0.923858 0.992823 0.078680
0 0.116328 0.114213 0.010167 0.017766
0 0.118122 0.212563 0.012560 0.024112
5 0.065191 0.116117 0.116029 0.029188
5 0.065490 0.213198 0.116627 0.027919
31 0.132775 0.215102 0.015550 0.026650
28 0.015550 0.260787 0.014354 0.021574
24 0.034091 0.259518 0.014354 0.021574
3 0.084629 0.828680 0.114234 0.025381
9 0.991926 0.920685 0.011364 0.079949
9 0.990730 0.909898 0.010167 0.022843
0 0.991029 0.890228 0.013158 0.021574
0 0.990730 0.954949 0.010167 0.016497
0 0.074462 0.308376 0.136962 0.022843
0 0.073565 0.326777 0.138756 0.013959
0 0.075060 0.341371 0.141746 0.015228
0 0.073864 0.359137 0.144139 0.020305
6 0.258074 0.166244 0.010167 0.025381
6 0.320574 0.166878 0.010766 0.029188
3 0.240431 0.168147 0.025120 0.024112
3 0.303529 0.168782 0.026914 0.022843
0 0.258672 0.159264 0.012560 0.013959
0 0.259868 0.173223 0.014952 0.011421
0 0.322368 0.161168 0.014354 0.015228
0 0.321770 0.174492 0.015550 0.011421
19 0.881878 0.401015 0.011364 0.017766
19 0.894737 0.401650 0.011962 0.019036
19 0.906100 0.397843 0.010766 0.024112
19 0.915670 0.399112 0.010766 0.019036