22 0.987141 0.008883 0.013756 0.017766
32 0.962022 0.012056 0.013756 0.016497
0 0.009868 0.038706 0.014952 0.016497
0 0.028409 0.037437 0.018541 0.013959
0 0.049940 0.038071 0.022129 0.020305
0 0.082835 0.037437 0.034091 0.016497
23 0.203349 0.100888 0.014354 0.024112
31 0.133373 0.113579 0.015550 0.026650
12 0.016148 0.068528 0.023923 0.022843
0 0.239833 0.102157 0.011962 0.016497
5 0.230562 0.100254 0.034091 0.017766
3 0.343600 0.101523 0.144139 0.027919
3 0.537380 0.104061 0.170455 0.025381
3 0.715311 0.102157 0.155502 0.024112
3 0.912380 0.098985 0.154904 0.027919
12 0.170455 0.822335 0.051435 0.027919
12 0.218900 0.821066 0.045455 0.027919
12 0.253888 0.820431 0.028110 0.034264
12 0.281998 0.819797 0.024522 0.025381
13 0.220694 0.820431 0.155502 0.046954
21 0.499402 0.923858 0.992823 0.078680
0 0.116328 0.114213 0.010167 0.017766
0 0.118122 0.212563 0.012560 0.024112
5 0.065191 0.116117 0.116029 0.029188
5 0.065490 0.213198 0.116627 0.027919
31 0.132775 0.215102 0.015550 0.026650
28 0.015550 0.260787 0.014354 0.021574
24 0.034091 0.259518 0.014354 0.021574
3 0.084629 0.828680 0.114234 0.025381
28 0.864833 0.402284 0.011962 0.027919
24 0.899821 0.401650 0.014952 0.021574
23 0.918959 0.399746 0.012560 0.022843
0 0.828947 0.135787 0.010766 0.030457
0 0.862440 0.135787 0.010766 0.022843
12 0.780203 0.789975 0.066388 0.024112
12 0.838517 0.789340 0.050239 0.022843
13 0.804127 0.790609 0.117823 0.030457
19 0.857356 0.368020 0.011364 0.017766
19 0.866926 0.366117 0.012560 0.019036
19 0.878589 0.368655 0.013158 0.016497
19 0.887560 0.367386 0.011962 0.016497
14 0.805921 0.493655 0.110646 0.147208
23 0.298744 0.133883 0.017344 0.024112
23 0.316388 0.137056 0.017943 0.027919
28 0.243421 0.137056 0.013158 0.022843
28 0.334330 0.137690 0.013158 0.021574
24 0.279007 0.136421 0.017344 0.024112
19 0.260766 0.139594 0.015550 0.030457
0 0.382476 0.135787 0.012560 0.027919
14 0.386364 0.715736 0.477273 0.187817
31 0.322368 0.585025 0.014354 0.022843
23 0.304127 0.584391 0.012560 0.026650
23 0.284988 0.580584 0.016148 0.026650
24 0.265849 0.585025 0.016148 0.025381
28 0.229067 0.583756 0.013158 0.025381
19 0.247309 0.583122 0.016148 0.021574
19 0.310407 0.352792 0.013158 0.025381
19 0.296651 0.348985 0.014354 0.020305
9 0.991926 0.920685 0.011364 0.079949
9 0.990730 0.909898 0.010167 0.022843
0 0.991029 0.890228 0.013158 0.021574
0 0.990730 0.954949 0.010167 0.016497
0 0.073266 0.359772 0.138158 0.026650
9 0.991926 0.920685 0.011364 0.079949
9 0.990730 0.909898 0.010167 0.022843