0 0.022428 0.065990 0.037679 0.030457
0 0.065191 0.069797 0.044258 0.035533
0 0.114833 0.069162 0.055024 0.031726
0 0.165969 0.068528 0.047249 0.025381
0 0.233852 0.069797 0.084928 0.025381
0 0.317285 0.072335 0.078349 0.027919
0 0.389653 0.071701 0.061603 0.026650
0 0.446770 0.069797 0.043062 0.025381
0 0.287380 0.104061 0.388158 0.030457
0 0.286483 0.138959 0.389952 0.039340
0 0.289474 0.287437 0.394737 0.044416
0 0.288577 0.322970 0.396531 0.026650
0 0.285287 0.357234 0.389952 0.041878
0 0.285586 0.398477 0.389354 0.040609
0 0.284689 0.440355 0.387560 0.043147
0 0.283792 0.482868 0.389354 0.041878
0 0.281100 0.526650 0.379187 0.045685
19 0.507476 0.106599 0.029306 0.035533
19 0.532895 0.158629 0.029904 0.043147
19 0.566687 0.158629 0.026914 0.032995
19 0.597787 0.161168 0.032895 0.038071
19 0.575658 0.110406 0.034091 0.032995
19 0.614234 0.107868 0.033493 0.040609
19 0.651017 0.110406 0.028110 0.040609
19 0.682416 0.107234 0.032297 0.036802
19 0.725478 0.113579 0.026316 0.052030
19 0.760167 0.111675 0.025120 0.040609
19 0.795156 0.111675 0.028110 0.045685
19 0.834330 0.113579 0.033493 0.044416
19 0.870514 0.117386 0.029306 0.041878
19 0.904306 0.116117 0.029904 0.044416
19 0.936902 0.112310 0.028110 0.041878
19 0.948266 0.159264 0.035287 0.034264
19 0.911483 0.159898 0.027512 0.040609
19 0.877990 0.160533 0.028708 0.041878
19 0.842105 0.163071 0.032297 0.039340
19 0.808911 0.161168 0.026914 0.032995
19 0.776017 0.159264 0.031699 0.034264
19 0.734749 0.160533 0.031699 0.039340
19 0.701256 0.161802 0.026914 0.039340
19 0.665371 0.159264 0.024522 0.036802
19 0.634569 0.163706 0.027512 0.040609
30 0.538876 0.109137 0.025120 0.032995
0 0.989833 0.156091 0.016746 0.032995
0 0.985646 0.203046 0.021531 0.027919
0 0.984450 0.935914 0.021531 0.034264
9 0.985347 0.572970 0.023325 0.770305
7 0.282895 0.323604 0.387560 0.535533
19 0.029007 0.157995 0.030502 0.039340
19 0.063098 0.155457 0.032895 0.044416
32 0.912679 0.020305 0.027512 0.035533
22 0.970395 0.023477 0.036483 0.036802
9 0.984450 0.456853 0.017943 0.467005