32 0.912679 0.020305 0.027512 0.035533
22 0.970395 0.023477 0.036483 0.036802
0 0.025120 0.064721 0.046651 0.025381
0 0.069976 0.066624 0.041866 0.021574
0 0.112739 0.069797 0.038876 0.022843
0 0.163876 0.074239 0.053828 0.034264
0 0.236244 0.069797 0.078947 0.032995
0 0.320873 0.069162 0.081938 0.031726
5 0.077751 0.110406 0.126794 0.030457
19 0.028409 0.161802 0.029306 0.034264
19 0.064593 0.159898 0.031100 0.032995
19 0.095694 0.160533 0.028708 0.039340
19 0.130084 0.161168 0.026914 0.035533
19 0.164474 0.159898 0.032297 0.030457
28 0.156699 0.112944 0.027512 0.038071
0 0.993122 0.157360 0.012560 0.043147
0 0.986543 0.200508 0.025718 0.032995
0 0.985347 0.937817 0.020933 0.032995
9 0.985347 0.568528 0.028110 0.771574
0 0.391746 0.067259 0.056220 0.020305
0 0.443182 0.069162 0.046651 0.019036
19 0.653110 0.109137 0.026316 0.038071
19 0.667165 0.160533 0.031699 0.041878
19 0.682117 0.110406 0.029306 0.032995
19 0.699761 0.152919 0.026316 0.041878
19 0.726974 0.112310 0.024522 0.034264
19 0.734151 0.157995 0.032895 0.039340
19 0.758074 0.112944 0.029306 0.038071
19 0.791567 0.118655 0.029306 0.039340
19 0.831041 0.115482 0.035287 0.030457
19 0.869019 0.110406 0.033493 0.038071
19 0.901615 0.111675 0.028110 0.038071
19 0.935108 0.109772 0.035287 0.034264
19 0.941089 0.156726 0.023325 0.039340
19 0.912978 0.159898 0.032895 0.038071
19 0.879187 0.159264 0.033493 0.036802
19 0.844797 0.157995 0.032895 0.039340
19 0.811902 0.161802 0.031699 0.041878
19 0.775120 0.154188 0.033493 0.049492
19 0.300538 0.112310 0.036483 0.046954
19 0.265849 0.112310 0.029306 0.039340
19 0.204545 0.159898 0.033493 0.032995
19 0.243720 0.157995 0.025718 0.034264
19 0.286483 0.162437 0.028708 0.027919
19 0.322967 0.161168 0.027512 0.022843
23 0.223983 0.114213 0.028110 0.035533
24 0.190191 0.110406 0.032297 0.030457
26 0.343002 0.113579 0.035287 0.034264
19 0.356758 0.157995 0.028110 0.036802
19 0.390849 0.159898 0.029306 0.040609
19 0.407895 0.105330 0.023923 0.045685
25 0.376495 0.108503 0.028110 0.041878
0 0.521232 0.111041 0.203947 0.039340
0 0.521830 0.148477 0.202751 0.035533
0 0.523325 0.185914 0.205742 0.039340
0 0.521830 0.225888 0.207536 0.040609
0 0.522129 0.262690 0.208134 0.032995
0 0.521232 0.295051 0.209928 0.029188
0 0.520335 0.331218 0.208134 0.043147
0 0.521830 0.369289 0.205144 0.032995
0 0.522129 0.406091 0.205742 0.040609
0 0.523624 0.443528 0.202751 0.034264
0 0.524522 0.480330 0.204545 0.039340
0 0.524222 0.522208 0.205144 0.044416
7 0.524821 0.297589 0.207536 0.493655
9 0.985048 0.454949 0.021531 0.465736
0 0.126794 0.112944 0.025120 0.027919