20 0.499701 0.501904 0.810407 0.874365
22 0.885467 0.088832 0.031699 0.038071
3 0.237141 0.164975 0.237440 0.027919
33 0.222656 0.280405 0.204688 0.177027
33 0.222266 0.466216 0.205469 0.194595
33 0.220703 0.579730 0.202344 0.032432
33 0.220703 0.607432 0.202344 0.022973
33 0.221484 0.633784 0.203906 0.029730
0 0.846875 0.902703 0.089062 0.037838
0 0.133984 0.207432 0.022656 0.025676
0 0.132813 0.378378 0.025000 0.024324
0 0.132422 0.579054 0.019531 0.025676
0 0.132422 0.604730 0.019531 0.020270
0 0.129297 0.633108 0.017969 0.020270
3 0.648828 0.183108 0.439844 0.036486
3 0.647266 0.227027 0.439844 0.040541