20 0.499701 0.501904 0.810407 0.874365
22 0.885467 0.088832 0.031699 0.038071
3 0.237141 0.164975 0.237440 0.027919
0 0.132813 0.208108 0.023438 0.024324
0 0.133984 0.377703 0.025781 0.020270
0 0.131250 0.568243 0.023438 0.028378
0 0.130078 0.658108 0.021094 0.024324
0 0.130078 0.679730 0.025781 0.029730
33 0.235156 0.277027 0.232812 0.164865
33 0.237109 0.454054 0.228906 0.189189
33 0.235938 0.594595 0.226563 0.091892
33 0.235156 0.659459 0.228125 0.037838
33 0.234766 0.695270 0.227344 0.033784
0 0.699219 0.182432 0.015625 0.024324
0 0.845703 0.904730 0.091406 0.033784
5 0.626172 0.396622 0.166406 0.466216
0 0.697656 0.212162 0.018750 0.029730
0 0.698828 0.612838 0.019531 0.028378
9 0.699609 0.411486 0.024219 0.433784
9 0.698438 0.350000 0.021875 0.243243
0 0.616797 0.206081 0.144531 0.025676
0 0.617969 0.229730 0.142187 0.021622
0 0.616406 0.254054 0.139063 0.027027
0 0.615234 0.275676 0.141406 0.016216
0 0.614844 0.295270 0.140625 0.022973