32 0.912679 0.020305 0.027512 0.035533
22 0.970395 0.023477 0.036483 0.036802
0 0.025419 0.069797 0.036483 0.032995
0 0.064892 0.075508 0.037679 0.029188
0 0.111842 0.071066 0.049043 0.025381
0 0.162679 0.071701 0.049043 0.029188
0 0.232356 0.071066 0.071172 0.022843
0 0.315789 0.069797 0.082536 0.025381
0 0.385467 0.067259 0.055622 0.027919
0 0.440490 0.066624 0.044856 0.026650
5 0.076854 0.112944 0.123804 0.032995
28 0.157596 0.110406 0.029306 0.043147
24 0.191986 0.111675 0.032297 0.035533
23 0.223983 0.114213 0.029306 0.038071
19 0.260167 0.107868 0.041866 0.032995
19 0.299342 0.112310 0.032895 0.041878
26 0.337022 0.107868 0.030502 0.035533
25 0.375299 0.105964 0.029306 0.044416
19 0.408493 0.109772 0.033493 0.036802
19 0.442285 0.107868 0.032895 0.043147
19 0.472787 0.111041 0.028110 0.041878
19 0.508074 0.113579 0.038876 0.041878
30 0.545754 0.111041 0.029306 0.034264
19 0.578947 0.112310 0.033493 0.031726
19 0.612440 0.114848 0.032297 0.036802
19 0.649522 0.112310 0.026316 0.039340
19 0.684510 0.113579 0.034091 0.044416
19 0.726974 0.113579 0.028110 0.041878
19 0.759868 0.111041 0.029306 0.036802
19 0.792464 0.114213 0.035885 0.045685
19 0.831340 0.112310 0.029904 0.036802
19 0.867524 0.114848 0.034091 0.041878
19 0.902213 0.113579 0.025718 0.041878
19 0.938995 0.108503 0.033493 0.039340
19 0.029306 0.160533 0.031100 0.036802
19 0.065789 0.163071 0.027512 0.046954
19 0.096292 0.161168 0.026316 0.032995
19 0.129187 0.159898 0.033493 0.032995
19 0.164773 0.163071 0.029306 0.034264
19 0.203050 0.163706 0.036483 0.032995
19 0.243421 0.162437 0.033493 0.045685
19 0.286483 0.160533 0.032297 0.036802
19 0.321770 0.161802 0.034689 0.031726
19 0.357955 0.159898 0.030502 0.040609
19 0.387261 0.163706 0.026914 0.040609
19 0.422249 0.161168 0.037081 0.038071
19 0.456340 0.162437 0.031100 0.032995
19 0.490132 0.158629 0.026914 0.035533
19 0.529007 0.157995 0.041268 0.036802
19 0.567584 0.163071 0.028708 0.046954
19 0.599581 0.157360 0.031699 0.035533
19 0.631579 0.158629 0.027512 0.035533
19 0.663876 0.159264 0.027512 0.046954
19 0.703050 0.158629 0.034091 0.043147
19 0.735048 0.154822 0.025120 0.038071
19 0.777213 0.160533 0.038876 0.041878
19 0.810706 0.157995 0.029306 0.046954
19 0.843600 0.157360 0.029306 0.038071
19 0.875598 0.162437 0.028708 0.035533
19 0.908194 0.154188 0.032895 0.046954
19 0.943481 0.159264 0.034091 0.036802
19 0.031998 0.889594 0.030502 0.040609
19 0.063397 0.887690 0.032297 0.041878
19 0.097189 0.883883 0.030502 0.036802
19 0.131280 0.889594 0.031699 0.043147
19 0.164175 0.885152 0.028110 0.046954
19 0.195275 0.888325 0.028110 0.043147
19 0.227273 0.890228 0.023923 0.036802
19 0.263756 0.886421 0.034689 0.036802
19 0.296950 0.887690 0.028110 0.031726
19 0.336722 0.887056 0.041866 0.043147
19 0.371711 0.890228 0.028110 0.039340
19 0.398923 0.884518 0.026316 0.038071
19 0.431519 0.885152 0.030502 0.046954
19 0.465012 0.881345 0.029306 0.052030
19 0.499103 0.883249 0.028110 0.045685
19 0.534390 0.885152 0.026914 0.041878
19 0.569079 0.882614 0.031699 0.036802
19 0.599880 0.885152 0.023923 0.034264
19 0.633074 0.886421 0.034091 0.031726
9 0.984450 0.522208 0.019139 0.676396
0 0.982057 0.198604 0.017943 0.034264
0 0.992823 0.163071 0.010766 0.011421
0 0.986842 0.841371 0.015550 0.020305
19 0.032895 0.935279 0.035885 0.043147
19 0.073565 0.929569 0.028708 0.046954
19 0.106160 0.935914 0.028110 0.036802
19 0.140251 0.937183 0.031699 0.036802
19 0.172249 0.937183 0.029904 0.039340
19 0.203648 0.936548 0.023325 0.040609
19 0.238935 0.935914 0.037679 0.036802
19 0.273325 0.938452 0.023923 0.044416
19 0.307416 0.934010 0.022727 0.038071
19 0.345993 0.939086 0.024522 0.032995
19 0.381280 0.936548 0.026914 0.040609
19 0.415670 0.934645 0.019139 0.036802
19 0.451854 0.936548 0.031699 0.032995
19 0.491029 0.930838 0.031100 0.036802
19 0.527512 0.937183 0.025120 0.039340
19 0.702751 0.935914 0.029904 0.039340
19 0.470993 0.574239 0.025718 0.049492
19 0.470993 0.619289 0.025718 0.040609
19 0.470993 0.658629 0.025718 0.038071
19 0.471292 0.699873 0.025120 0.044416
19 0.471890 0.744289 0.026316 0.044416
19 0.471292 0.786168 0.027512 0.039340
19 0.471890 0.831853 0.022727 0.049492
19 0.502392 0.572335 0.026316 0.050761
19 0.502392 0.618655 0.025120 0.041878
19 0.502392 0.663071 0.025120 0.046954
19 0.502990 0.703046 0.026316 0.032995
19 0.502990 0.746193 0.026316 0.053299
19 0.503589 0.793147 0.027512 0.040609
19 0.505383 0.836929 0.028708 0.041878
19 0.538876 0.571701 0.023923 0.039340
19 0.537679 0.616751 0.026316 0.050761
19 0.538278 0.663706 0.027512 0.043147
19 0.537978 0.709391 0.028110 0.048223
19 0.538278 0.750635 0.028708 0.034264
19 0.539474 0.789340 0.026316 0.043147
19 0.539175 0.833756 0.025718 0.045685
19 0.570275 0.572335 0.025718 0.050761
19 0.570275 0.622462 0.025718 0.049492
19 0.569976 0.666244 0.025120 0.038071
19 0.569677 0.705584 0.025718 0.040609
19 0.569677 0.745558 0.025718 0.039340
19 0.569976 0.787437 0.025120 0.044416
19 0.569976 0.829949 0.029904 0.040609
19 0.605562 0.570431 0.024522 0.036802
19 0.636663 0.572335 0.035287 0.043147
19 0.639354 0.619924 0.029904 0.036802
19 0.605861 0.624365 0.026316 0.035533
19 0.606758 0.665609 0.028110 0.031726
19 0.608254 0.707487 0.028708 0.021574
19 0.608254 0.743655 0.028708 0.038071
19 0.607955 0.789975 0.030502 0.036802
19 0.640251 0.666878 0.030502 0.031726
19 0.641746 0.706218 0.027512 0.029188
19 0.640849 0.747462 0.025718 0.030457
19 0.640849 0.788071 0.029306 0.040609
9 0.981758 0.440355 0.017344 0.398477
0 0.127691 0.109137 0.019737 0.025381
35 0.556220 0.717640 0.214115 0.376904