0 0.025120 0.064721 0.046651 0.025381
0 0.069976 0.066624 0.041866 0.021574
0 0.112739 0.069797 0.038876 0.022843
0 0.163876 0.074239 0.053828 0.034264
0 0.236244 0.069797 0.078947 0.032995
0 0.320873 0.069162 0.081938 0.031726
0 0.384868 0.069162 0.044856 0.021574
0 0.437201 0.071066 0.053828 0.027919
0 0.384569 0.113579 0.374402 0.036802
0 0.385467 0.151015 0.376196 0.038071
0 0.384569 0.220812 0.374402 0.040609
0 0.385167 0.303934 0.370813 0.044416
0 0.379486 0.355330 0.357057 0.050761
5 0.077751 0.110406 0.126794 0.030457
19 0.028409 0.161802 0.029306 0.034264
19 0.064593 0.159898 0.031100 0.032995
19 0.095694 0.160533 0.028708 0.039340
19 0.130084 0.161168 0.026914 0.035533
19 0.164474 0.159898 0.032297 0.030457
28 0.156699 0.112944 0.027512 0.038071
0 0.993122 0.157360 0.012560 0.043147
0 0.986543 0.200508 0.025718 0.032995
0 0.985347 0.937817 0.020933 0.032995
9 0.985347 0.568528 0.028110 0.771574
8 0.639653 0.304569 0.164474 0.040609
8 0.799641 0.336294 0.204545 0.101523
0 0.797249 0.308376 0.200957 0.038071
0 0.797548 0.352157 0.195574 0.044416
0 0.644737 0.306472 0.136364 0.031726
19 0.616627 0.113579 0.035885 0.031726
19 0.653409 0.114213 0.032895 0.035533
19 0.688098 0.112944 0.036483 0.032995
19 0.723684 0.109137 0.028708 0.035533
19 0.756878 0.111675 0.031699 0.032995
19 0.792464 0.114213 0.028708 0.032995
19 0.834629 0.117386 0.023325 0.034264
19 0.866627 0.110406 0.029904 0.040609
19 0.900419 0.112944 0.020933 0.032995
19 0.937500 0.111675 0.031699 0.043147
19 0.942883 0.159264 0.020933 0.049492
19 0.911782 0.157995 0.030502 0.046954
19 0.878289 0.157995 0.023325 0.046954
19 0.844498 0.160533 0.031100 0.034264
19 0.810407 0.157995 0.029904 0.039340
19 0.775718 0.157995 0.033493 0.046954
19 0.736842 0.157995 0.029904 0.039340
19 0.702751 0.161168 0.037081 0.040609
19 0.668361 0.160533 0.030502 0.046954
19 0.633971 0.160533 0.028708 0.041878
19 0.601376 0.154188 0.028110 0.041878
7 0.390849 0.212563 0.386962 0.310914
32 0.912679 0.020305 0.027512 0.035533
22 0.970395 0.023477 0.036483 0.036802
9 0.982955 0.456218 0.023325 0.475888
0 0.128888 0.113579 0.016148 0.034264