32 0.912679 0.020305 0.027512 0.035533
22 0.970395 0.023477 0.036483 0.036802
0 0.025419 0.069797 0.036483 0.032995
0 0.064892 0.075508 0.037679 0.029188
0 0.111842 0.071066 0.049043 0.025381
0 0.162679 0.071701 0.049043 0.029188
0 0.232356 0.071066 0.071172 0.022843
0 0.315789 0.069797 0.082536 0.025381
0 0.385467 0.067259 0.055622 0.027919
0 0.440490 0.066624 0.044856 0.026650
5 0.076854 0.112944 0.123804 0.032995
28 0.157596 0.110406 0.029306 0.043147
24 0.191986 0.111675 0.032297 0.035533
23 0.223983 0.114213 0.029306 0.038071
19 0.260167 0.107868 0.041866 0.032995
19 0.299342 0.112310 0.032895 0.041878
26 0.337022 0.107868 0.030502 0.035533
25 0.375299 0.105964 0.029306 0.044416
19 0.408493 0.109772 0.033493 0.036802
19 0.442285 0.107868 0.032895 0.043147
19 0.472787 0.111041 0.028110 0.041878
19 0.508074 0.113579 0.038876 0.041878
30 0.545754 0.111041 0.029306 0.034264
19 0.578947 0.112310 0.033493 0.031726
19 0.612440 0.114848 0.032297 0.036802
19 0.649522 0.112310 0.026316 0.039340
19 0.684510 0.113579 0.034091 0.044416
19 0.726974 0.113579 0.028110 0.041878
19 0.759868 0.111041 0.029306 0.036802
19 0.792464 0.114213 0.035885 0.045685
19 0.831340 0.112310 0.029904 0.036802
19 0.867524 0.114848 0.034091 0.041878
19 0.902213 0.113579 0.025718 0.041878
19 0.938995 0.108503 0.033493 0.039340
19 0.029306 0.160533 0.031100 0.036802
19 0.065789 0.163071 0.027512 0.046954
19 0.096292 0.161168 0.026316 0.032995
19 0.129187 0.159898 0.033493 0.032995
19 0.164773 0.163071 0.029306 0.034264
19 0.203050 0.163706 0.036483 0.032995
19 0.243421 0.162437 0.033493 0.045685
19 0.286483 0.160533 0.032297 0.036802
19 0.321770 0.161802 0.034689 0.031726
19 0.357955 0.159898 0.030502 0.040609
19 0.387261 0.163706 0.026914 0.040609
19 0.422249 0.161168 0.037081 0.038071
19 0.456340 0.162437 0.031100 0.032995
19 0.490132 0.158629 0.026914 0.035533
19 0.529007 0.157995 0.041268 0.036802
19 0.567584 0.163071 0.028708 0.046954
19 0.599581 0.157360 0.031699 0.035533
19 0.631579 0.158629 0.027512 0.035533
19 0.663876 0.159264 0.027512 0.046954
19 0.703050 0.158629 0.034091 0.043147
19 0.735048 0.154822 0.025120 0.038071
19 0.777213 0.160533 0.038876 0.041878
19 0.810706 0.157995 0.029306 0.046954
19 0.843600 0.157360 0.029306 0.038071
19 0.875598 0.162437 0.028708 0.035533
19 0.908194 0.154188 0.032895 0.046954
19 0.943481 0.159264 0.034091 0.036802
0 0.982057 0.198604 0.017943 0.034264
19 0.031998 0.933376 0.034091 0.039340
19 0.069079 0.930838 0.030502 0.044416
19 0.102572 0.926396 0.031699 0.048223
19 0.138756 0.935914 0.035885 0.039340
19 0.172548 0.934645 0.031699 0.031726
19 0.203050 0.933376 0.026914 0.036802
19 0.236543 0.935914 0.028110 0.036802
19 0.269737 0.934645 0.023923 0.039340
19 0.305921 0.937817 0.042464 0.038071
19 0.345993 0.932741 0.023325 0.040609
19 0.702153 0.936548 0.040670 0.035533
19 0.381280 0.932107 0.031699 0.046954
19 0.416866 0.936548 0.026316 0.035533
19 0.448864 0.933376 0.035287 0.046954
19 0.489234 0.928299 0.033493 0.044416
19 0.523923 0.929569 0.026316 0.044416
19 0.561902 0.937183 0.040072 0.039340
19 0.594498 0.933376 0.027512 0.034264
19 0.630084 0.935279 0.032895 0.035533
19 0.660885 0.935914 0.027512 0.041878
19 0.702153 0.936548 0.049043 0.040609
19 0.025718 0.886421 0.028708 0.044416
19 0.059809 0.887056 0.032297 0.035533
19 0.103170 0.886421 0.030502 0.034264
19 0.139952 0.890863 0.031100 0.045685
19 0.171053 0.890228 0.031100 0.039340
19 0.202751 0.883249 0.032297 0.043147
19 0.246112 0.888959 0.036483 0.046954
19 0.280203 0.887690 0.031699 0.046954
19 0.309809 0.891497 0.031100 0.046954
19 0.556220 0.364848 0.023923 0.039340
19 0.557416 0.406091 0.025120 0.043147
19 0.556519 0.444797 0.023325 0.034264
19 0.555622 0.481599 0.025120 0.039340
19 0.557117 0.520305 0.028110 0.038071
19 0.557416 0.563452 0.027512 0.048223
19 0.556519 0.608503 0.025718 0.041878
19 0.556220 0.645939 0.026316 0.032995
19 0.607057 0.364848 0.029904 0.049492
19 0.606459 0.404822 0.031100 0.030457
19 0.604067 0.440990 0.026316 0.041878
19 0.604964 0.481599 0.024522 0.039340
19 0.604366 0.522843 0.023325 0.043147
19 0.602572 0.562817 0.026914 0.036802
19 0.602871 0.604061 0.027512 0.045685
19 0.602572 0.641497 0.028110 0.029188
19 0.652811 0.359772 0.031699 0.039340
19 0.653409 0.399746 0.030502 0.040609
19 0.653708 0.438452 0.031100 0.036802
19 0.654605 0.479061 0.029306 0.044416
19 0.652811 0.522843 0.025718 0.043147
19 0.653409 0.563452 0.024522 0.038071
19 0.653409 0.604061 0.024522 0.043147
19 0.651914 0.641497 0.027512 0.031726
19 0.710227 0.362310 0.025718 0.031726
19 0.711124 0.402919 0.023923 0.044416
19 0.711423 0.444797 0.024522 0.039340
19 0.709928 0.485406 0.027512 0.041878
19 0.709629 0.527284 0.026914 0.041878
19 0.709031 0.570431 0.028110 0.044416
19 0.706639 0.608503 0.023325 0.031726
19 0.704844 0.646574 0.026914 0.044416
19 0.759569 0.369924 0.016746 0.054569
19 0.759569 0.413071 0.016746 0.031726
19 0.758074 0.445431 0.013756 0.032995
19 0.756280 0.482868 0.017344 0.041878
19 0.753589 0.526650 0.023923 0.043147
19 0.756579 0.558376 0.019139 0.032995
19 0.759569 0.597081 0.022727 0.049492
19 0.760467 0.641497 0.020933 0.039340
4 0.751495 0.309645 0.024522 0.040609
0 0.586722 0.734137 0.094498 0.046954
0 0.686902 0.737944 0.091507 0.039340
0 0.788278 0.741117 0.092105 0.040609
3 0.502691 0.694797 0.670455 0.039340
0 0.985945 0.836294 0.023325 0.032995
0 0.989234 0.157360 0.011962 0.043147
9 0.985048 0.522208 0.022727 0.663706
22 0.824462 0.254442 0.028110 0.036802
0 0.819976 0.357234 0.017943 0.024112
0 0.820574 0.649746 0.014354 0.020305
9 0.821770 0.502538 0.022727 0.317259
9 0.821770 0.384518 0.017943 0.027919
9 0.984749 0.353426 0.020933 0.272843
0 0.126495 0.112944 0.018541 0.027919
0 0.486244 0.312817 0.021531 0.026650
20 0.501196 0.505076 0.687799 0.553299
19 0.192883 0.357868 0.032895 0.032995
19 0.199163 0.398477 0.034689 0.030457
19 0.195873 0.440355 0.038876 0.043147
19 0.197667 0.484772 0.036483 0.038071
19 0.196471 0.524112 0.028110 0.035533
19 0.199761 0.567893 0.029904 0.041878
19 0.196172 0.599619 0.026316 0.021574
19 0.200060 0.637056 0.020933 0.032995
19 0.249402 0.353426 0.023923 0.026650
19 0.248804 0.404822 0.019139 0.032995
19 0.249402 0.449873 0.027512 0.031726
19 0.247010 0.480330 0.023923 0.029188
19 0.252392 0.516497 0.015550 0.035533
19 0.250000 0.567893 0.017943 0.046954
19 0.249103 0.602157 0.022129 0.021574
19 0.250598 0.644670 0.026316 0.025381
19 0.300538 0.362310 0.020933 0.031726
19 0.295156 0.402919 0.029306 0.031726
19 0.298744 0.446066 0.017344 0.021574
19 0.298146 0.487310 0.025718 0.035533
19 0.295455 0.525381 0.020335 0.040609
19 0.296053 0.569162 0.019139 0.041878
19 0.299342 0.605330 0.025718 0.030457
19 0.296352 0.637690 0.031699 0.034264
19 0.349581 0.367386 0.023325 0.031726
19 0.349282 0.404188 0.023923 0.041878
19 0.349581 0.442259 0.024522 0.034264
19 0.349581 0.479695 0.024522 0.038071
19 0.351077 0.518401 0.027512 0.039340
19 0.351077 0.555838 0.027512 0.035533
19 0.348684 0.592005 0.022727 0.036802
19 0.347488 0.635152 0.025120 0.049492
19 0.400419 0.364848 0.032895 0.039340
19 0.400419 0.401015 0.032895 0.030457
19 0.398624 0.438452 0.029306 0.044416
19 0.401316 0.483503 0.023923 0.045685
19 0.398624 0.524746 0.018541 0.036802
19 0.398624 0.559645 0.018541 0.032995
19 0.399522 0.598350 0.020335 0.044416
19 0.401316 0.641497 0.016746 0.041878
19 0.452153 0.361041 0.026316 0.031726
19 0.449761 0.399112 0.028708 0.039340
19 0.448266 0.440355 0.025718 0.043147
19 0.451555 0.482868 0.019139 0.041878
19 0.453349 0.520939 0.022727 0.031726
19 0.453947 0.556472 0.021531 0.039340
19 0.453947 0.595812 0.021531 0.039340
19 0.453349 0.638325 0.022727 0.045685
19 0.503589 0.350888 0.011962 0.024112
19 0.500598 0.388959 0.017943 0.052030
19 0.502392 0.440355 0.021531 0.045685
19 0.502392 0.481599 0.021531 0.036802
19 0.502093 0.517132 0.020933 0.034264
19 0.502691 0.557107 0.019737 0.045685
19 0.504486 0.604695 0.023325 0.049492
19 0.504187 0.646574 0.017943 0.024112