32 0.912679 0.020305 0.027512 0.035533
22 0.970395 0.023477 0.036483 0.036802
26 0.338816 0.112310 0.032895 0.031726
25 0.372608 0.109772 0.029904 0.036802
24 0.191986 0.112944 0.034689 0.035533
23 0.224581 0.112944 0.026914 0.038071
28 0.156998 0.111675 0.029306 0.035533
30 0.540072 0.111041 0.031100 0.031726
19 0.936603 0.109772 0.032297 0.044416
19 0.902811 0.112944 0.029306 0.043147
19 0.869617 0.111041 0.027512 0.041878
19 0.834031 0.110406 0.032895 0.035533
19 0.794258 0.112944 0.032297 0.040609
19 0.760467 0.116117 0.030502 0.039340
19 0.725778 0.111675 0.029306 0.043147
19 0.688995 0.111675 0.032297 0.032995
19 0.650419 0.111041 0.025718 0.039340
19 0.615730 0.111675 0.028110 0.032995
19 0.578947 0.110406 0.033493 0.032995
19 0.506878 0.111041 0.028110 0.039340
19 0.473983 0.111041 0.032895 0.039340
19 0.296651 0.111675 0.032297 0.043147
19 0.261364 0.111041 0.032297 0.039340
19 0.026017 0.163706 0.028110 0.035533
19 0.063995 0.159264 0.028708 0.036802
19 0.097189 0.162437 0.036483 0.043147
19 0.130383 0.159898 0.026316 0.045685
19 0.161782 0.161802 0.032895 0.044416
19 0.204545 0.157360 0.021531 0.045685
19 0.239533 0.162437 0.031699 0.048223
19 0.287679 0.159264 0.027512 0.041878
19 0.322069 0.163706 0.031699 0.040609
19 0.357057 0.157360 0.031100 0.040609
19 0.392344 0.161802 0.029904 0.039340
19 0.424641 0.160533 0.027512 0.044416
19 0.456340 0.161168 0.026316 0.038071
19 0.487739 0.161802 0.034091 0.041878
19 0.531998 0.158629 0.032895 0.050761
19 0.566388 0.159264 0.031100 0.046954
19 0.600778 0.157360 0.029306 0.040609
19 0.632476 0.159898 0.029306 0.053299
19 0.664773 0.163071 0.030502 0.046954
19 0.700957 0.161168 0.029904 0.045685
19 0.733254 0.163706 0.034689 0.045685
19 0.776017 0.164340 0.034091 0.046954
19 0.811902 0.156726 0.031699 0.049492
19 0.843301 0.159898 0.032297 0.040609
19 0.877093 0.161168 0.029306 0.040609
19 0.909689 0.154188 0.031100 0.044416
19 0.947368 0.164340 0.040670 0.039340
19 0.408493 0.111675 0.028708 0.045685
19 0.439892 0.110406 0.030502 0.040609
0 0.991029 0.161168 0.014354 0.043147
5 0.077751 0.112944 0.125598 0.027919
0 0.130383 0.112944 0.019139 0.022843
0 0.025718 0.067893 0.038278 0.029188
0 0.066687 0.065355 0.037679 0.029188
0 0.113636 0.067259 0.035885 0.027919
0 0.167464 0.067259 0.038278 0.025381
0 0.235347 0.071701 0.067584 0.024112
0 0.319976 0.072970 0.078947 0.031726
0 0.392045 0.069162 0.043660 0.026650
0 0.444677 0.072970 0.037679 0.026650
21 0.501495 0.352792 0.993421 0.329949
35 0.289474 0.786168 0.215311 0.326142
19 0.028110 0.931472 0.031100 0.053299
19 0.064892 0.939086 0.038876 0.068528
19 0.096292 0.925127 0.027512 0.091371
19 0.130383 0.934010 0.035885 0.053299
19 0.165969 0.934645 0.026914 0.052030
19 0.198266 0.936548 0.034091 0.048223
19 0.231758 0.937817 0.028110 0.045685
19 0.204844 0.668147 0.028110 0.046954
19 0.205443 0.713198 0.026914 0.043147
19 0.204545 0.753173 0.025120 0.036802
19 0.204246 0.793782 0.025718 0.044416
19 0.202153 0.835660 0.028708 0.046954
19 0.203648 0.883883 0.031699 0.049492
19 0.232955 0.661802 0.025718 0.049492
19 0.232356 0.717005 0.026914 0.060914
19 0.235048 0.760787 0.032297 0.026650
19 0.232955 0.795051 0.036483 0.041878
19 0.231160 0.835025 0.032895 0.038071
19 0.234450 0.880711 0.026316 0.053299
19 0.267943 0.668147 0.033493 0.036802
19 0.303230 0.666244 0.037081 0.040609
19 0.338517 0.667513 0.033493 0.043147
19 0.371411 0.662437 0.032297 0.053299
19 0.373206 0.705584 0.035885 0.038071
19 0.338816 0.706218 0.032895 0.036802
19 0.302931 0.709391 0.038876 0.043147
19 0.267045 0.709391 0.031699 0.040609