32 0.912679 0.020305 0.027512 0.035533
22 0.970395 0.023477 0.036483 0.036802
0 0.025419 0.069797 0.036483 0.032995
0 0.064892 0.075508 0.037679 0.029188
0 0.111842 0.071066 0.049043 0.025381
0 0.162679 0.071701 0.049043 0.029188
0 0.232356 0.071066 0.071172 0.022843
0 0.315789 0.069797 0.082536 0.025381
0 0.385467 0.067259 0.055622 0.027919
0 0.440490 0.066624 0.044856 0.026650
5 0.076854 0.112944 0.123804 0.032995
28 0.157596 0.110406 0.029306 0.043147
24 0.191986 0.111675 0.032297 0.035533
23 0.223983 0.114213 0.029306 0.038071
19 0.260167 0.107868 0.041866 0.032995
19 0.299342 0.112310 0.032895 0.041878
26 0.337022 0.107868 0.030502 0.035533
25 0.375299 0.105964 0.029306 0.044416
19 0.408493 0.109772 0.033493 0.036802
19 0.442285 0.107868 0.032895 0.043147
19 0.472787 0.111041 0.028110 0.041878
19 0.508074 0.113579 0.038876 0.041878
30 0.545754 0.111041 0.029306 0.034264
19 0.578947 0.112310 0.033493 0.031726
19 0.902213 0.113579 0.025718 0.041878
19 0.938995 0.108503 0.033493 0.039340
19 0.029306 0.160533 0.031100 0.036802
19 0.065789 0.163071 0.027512 0.046954
19 0.096292 0.161168 0.026316 0.032995
19 0.129187 0.159898 0.033493 0.032995
19 0.164773 0.163071 0.029306 0.034264
19 0.203050 0.163706 0.036483 0.032995
19 0.243421 0.162437 0.033493 0.045685
19 0.286483 0.160533 0.032297 0.036802
19 0.321770 0.161802 0.034689 0.031726
19 0.357955 0.159898 0.030502 0.040609
19 0.387261 0.163706 0.026914 0.040609
19 0.422249 0.161168 0.037081 0.038071
19 0.456340 0.162437 0.031100 0.032995
19 0.490132 0.158629 0.026914 0.035533
19 0.529007 0.157995 0.041268 0.036802
19 0.567584 0.163071 0.028708 0.046954
19 0.599581 0.157360 0.031699 0.035533
19 0.875598 0.162437 0.028708 0.035533
19 0.908194 0.154188 0.032895 0.046954
19 0.943481 0.159264 0.034091 0.036802
19 0.031998 0.889594 0.030502 0.040609
19 0.063397 0.887690 0.032297 0.041878
19 0.097189 0.883883 0.030502 0.036802
19 0.131280 0.889594 0.031699 0.043147
19 0.164175 0.885152 0.028110 0.046954
19 0.195275 0.888325 0.028110 0.043147
19 0.227273 0.890228 0.023923 0.036802
19 0.263756 0.886421 0.034689 0.036802
19 0.296950 0.887690 0.028110 0.031726
19 0.336722 0.887056 0.041866 0.043147
19 0.371711 0.890228 0.028110 0.039340
19 0.398923 0.884518 0.026316 0.038071
19 0.431519 0.885152 0.030502 0.046954
19 0.465012 0.881345 0.029306 0.052030
19 0.499103 0.883249 0.028110 0.045685
19 0.534390 0.885152 0.026914 0.041878
19 0.569079 0.882614 0.031699 0.036802
19 0.599880 0.885152 0.023923 0.034264
19 0.633074 0.886421 0.034091 0.031726
9 0.984450 0.522208 0.019139 0.676396
0 0.982057 0.198604 0.017943 0.034264
0 0.992823 0.163071 0.010766 0.011421
0 0.986842 0.841371 0.015550 0.020305
19 0.031100 0.936548 0.023923 0.048223
19 0.070873 0.936548 0.029306 0.048223
19 0.101376 0.936548 0.029306 0.045685
19 0.138457 0.940355 0.032895 0.043147
19 0.169258 0.939721 0.028708 0.044416
19 0.200957 0.939721 0.032297 0.046954
19 0.235646 0.939721 0.037081 0.046954
19 0.272727 0.941624 0.027512 0.040609
19 0.303230 0.936548 0.029904 0.048223
19 0.348983 0.934010 0.023325 0.048223
19 0.382177 0.934645 0.032297 0.046954
19 0.413278 0.936548 0.029904 0.048223
19 0.447967 0.938452 0.033493 0.049492
19 0.489234 0.940990 0.034689 0.046954
19 0.523026 0.940990 0.029306 0.041878
19 0.700060 0.935914 0.031699 0.046954
19 0.639952 0.015228 0.032297 0.025381
19 0.639653 0.054569 0.032895 0.053299
19 0.639653 0.101523 0.032895 0.040609
19 0.640849 0.144670 0.030502 0.045685
19 0.640251 0.192259 0.029306 0.049492
19 0.642045 0.233503 0.025718 0.032995
19 0.641447 0.272208 0.024522 0.044416
19 0.639952 0.315355 0.027512 0.041878
19 0.640550 0.360406 0.028708 0.048223
19 0.641148 0.404188 0.027512 0.039340
19 0.640251 0.444162 0.025718 0.040609
19 0.639653 0.489213 0.026914 0.049492
19 0.639354 0.533629 0.026316 0.039340
19 0.639354 0.574873 0.026316 0.043147
19 0.639055 0.618020 0.025718 0.043147
19 0.639354 0.662437 0.025120 0.045685
19 0.639055 0.706853 0.024522 0.043147
19 0.639354 0.750635 0.023923 0.044416
19 0.639354 0.791878 0.023923 0.038071
19 0.639653 0.836929 0.023325 0.052030
19 0.671352 0.015228 0.023325 0.030457
19 0.672548 0.052665 0.026914 0.039340
19 0.672249 0.095812 0.027512 0.046954
19 0.671950 0.137690 0.026914 0.036802
19 0.671950 0.182741 0.026914 0.053299
19 0.674043 0.230964 0.031100 0.043147
19 0.672548 0.276650 0.034091 0.048223
19 0.672249 0.319797 0.033493 0.038071
19 0.672847 0.361675 0.028708 0.038071
19 0.672249 0.402284 0.027512 0.043147
19 0.671651 0.444162 0.028708 0.040609
19 0.671352 0.488579 0.028110 0.048223
19 0.671352 0.537437 0.028110 0.049492
19 0.672249 0.579949 0.029904 0.035533
19 0.673146 0.618020 0.028110 0.040609
19 0.672548 0.659898 0.026914 0.043147
19 0.672847 0.702411 0.026316 0.041878
19 0.673146 0.745558 0.026914 0.044416
19 0.671651 0.788071 0.029904 0.040609
19 0.672548 0.833122 0.031699 0.049492
19 0.706639 0.016497 0.024522 0.030457
19 0.706639 0.057107 0.024522 0.050761
19 0.708134 0.102157 0.027512 0.039340
19 0.707536 0.144036 0.028708 0.044416
19 0.706938 0.186548 0.027512 0.040609
19 0.707237 0.229061 0.026914 0.044416
19 0.705742 0.276015 0.022727 0.041878
19 0.705144 0.315355 0.023923 0.036802
19 0.705742 0.352792 0.025120 0.038071
19 0.703648 0.404188 0.029306 0.064721
19 0.704545 0.449873 0.025120 0.036802
19 0.705144 0.488579 0.023923 0.040609
19 0.704545 0.528553 0.022727 0.039340
19 0.706938 0.567259 0.029904 0.038071
19 0.706041 0.611675 0.031699 0.050761
19 0.706938 0.661168 0.033493 0.040609
19 0.705742 0.706853 0.035885 0.050761
19 0.706938 0.751904 0.038278 0.039340
19 0.707835 0.793782 0.036483 0.044416
19 0.704545 0.836294 0.029904 0.040609
19 0.738935 0.018401 0.026914 0.034264
19 0.741328 0.059645 0.022129 0.048223
19 0.742524 0.107868 0.024522 0.048223
19 0.742225 0.149746 0.026316 0.032995
19 0.743421 0.186548 0.028708 0.040609
19 0.741627 0.227157 0.032297 0.040609
19 0.741029 0.270939 0.031100 0.046954
19 0.737440 0.318528 0.038278 0.048223
19 0.736842 0.363579 0.037081 0.041878
19 0.741328 0.404822 0.028110 0.040609
19 0.741328 0.444797 0.028110 0.039340
19 0.737440 0.485406 0.035885 0.039340
19 0.737739 0.526650 0.036483 0.043147
19 0.740132 0.573604 0.031699 0.050761
19 0.741627 0.620558 0.034689 0.043147
19 0.743122 0.666244 0.031699 0.048223
19 0.742225 0.708122 0.029904 0.035533
19 0.743421 0.746827 0.027512 0.041878
19 0.741926 0.789340 0.024522 0.043147
19 0.740431 0.836929 0.027512 0.052030
19 0.772129 0.021574 0.031100 0.040609
19 0.773624 0.060279 0.028110 0.036802
19 0.772129 0.098350 0.025120 0.039340
19 0.773325 0.141497 0.022727 0.046954
19 0.773026 0.185914 0.022129 0.041878
19 0.773923 0.225888 0.020335 0.038071
19 0.774821 0.267132 0.022129 0.044416
19 0.774821 0.312817 0.022129 0.046954
19 0.775120 0.359137 0.022727 0.045685
19 0.773923 0.402284 0.025120 0.040609
19 0.807715 0.016497 0.024522 0.027919
19 0.808313 0.057107 0.023325 0.032995
19 0.808313 0.103426 0.023325 0.036802
19 0.808014 0.140863 0.023923 0.035533
19 0.808014 0.184010 0.023923 0.048223
19 0.808313 0.230964 0.023325 0.045685
19 0.808612 0.273477 0.023923 0.039340
19 0.808313 0.315990 0.024522 0.045685
19 0.809211 0.363579 0.026316 0.039340
19 0.808014 0.406726 0.028708 0.046954
19 0.806818 0.450508 0.026316 0.040609
19 0.773923 0.449873 0.028708 0.034264
19 0.774222 0.490482 0.025718 0.039340
19 0.772727 0.532995 0.031100 0.032995
19 0.772727 0.574239 0.031100 0.049492
19 0.774821 0.616751 0.026914 0.035533
19 0.775120 0.652919 0.027512 0.036802
19 0.777213 0.708756 0.023325 0.041878
19 0.775120 0.749365 0.023923 0.034264
19 0.776615 0.791878 0.022129 0.038071
19 0.811902 0.795685 0.018541 0.038071
19 0.808014 0.750635 0.029904 0.036802
19 0.809211 0.705584 0.027512 0.045685
19 0.808313 0.656726 0.026914 0.046954
19 0.806818 0.616117 0.016746 0.029188
19 0.806818 0.573604 0.020335 0.038071
19 0.806818 0.531726 0.029904 0.032995
19 0.806220 0.493655 0.023923 0.038071
9 0.983254 0.436548 0.016746 0.403553
0 0.127691 0.111041 0.024522 0.021574
35 0.725778 0.461929 0.208732 0.908629