32 0.912679 0.020305 0.027512 0.035533
22 0.970395 0.023477 0.036483 0.036802
0 0.025419 0.069797 0.036483 0.032995
0 0.064892 0.075508 0.037679 0.029188
0 0.111842 0.071066 0.049043 0.025381
0 0.162679 0.071701 0.049043 0.029188
0 0.232356 0.071066 0.071172 0.022843
0 0.315789 0.069797 0.082536 0.025381
0 0.385467 0.067259 0.055622 0.027919
0 0.440490 0.066624 0.044856 0.026650
5 0.076854 0.112944 0.123804 0.032995
28 0.157596 0.110406 0.029306 0.043147
24 0.191986 0.111675 0.032297 0.035533
23 0.223983 0.114213 0.029306 0.038071
19 0.260167 0.107868 0.041866 0.032995
19 0.299342 0.112310 0.032895 0.041878
26 0.337022 0.107868 0.030502 0.035533
25 0.375299 0.105964 0.029306 0.044416
19 0.408493 0.109772 0.033493 0.036802
19 0.442285 0.107868 0.032895 0.043147
19 0.472787 0.111041 0.028110 0.041878
19 0.508074 0.113579 0.038876 0.041878
30 0.545754 0.111041 0.029306 0.034264
19 0.578947 0.112310 0.033493 0.031726
19 0.612440 0.114848 0.032297 0.036802
19 0.649522 0.112310 0.026316 0.039340
19 0.684510 0.113579 0.034091 0.044416
19 0.726974 0.113579 0.028110 0.041878
19 0.759868 0.111041 0.029306 0.036802
19 0.792464 0.114213 0.035885 0.045685
19 0.831340 0.112310 0.029904 0.036802
19 0.867524 0.114848 0.034091 0.041878
19 0.902213 0.113579 0.025718 0.041878
19 0.938995 0.108503 0.033493 0.039340
19 0.029306 0.160533 0.031100 0.036802
19 0.065789 0.163071 0.027512 0.046954
19 0.096292 0.161168 0.026316 0.032995
19 0.129187 0.159898 0.033493 0.032995
19 0.164773 0.163071 0.029306 0.034264
19 0.203050 0.163706 0.036483 0.032995
19 0.243421 0.162437 0.033493 0.045685
19 0.286483 0.160533 0.032297 0.036802
19 0.321770 0.161802 0.034689 0.031726
19 0.357955 0.159898 0.030502 0.040609
19 0.387261 0.163706 0.026914 0.040609
19 0.422249 0.161168 0.037081 0.038071
19 0.456340 0.162437 0.031100 0.032995
19 0.490132 0.158629 0.026914 0.035533
19 0.529007 0.157995 0.041268 0.036802
19 0.567584 0.163071 0.028708 0.046954
19 0.599581 0.157360 0.031699 0.035533
19 0.631579 0.158629 0.027512 0.035533
19 0.663876 0.159264 0.027512 0.046954
19 0.703050 0.158629 0.034091 0.043147
19 0.735048 0.154822 0.025120 0.038071
19 0.777213 0.160533 0.038876 0.041878
19 0.810706 0.157995 0.029306 0.046954
19 0.843600 0.157360 0.029306 0.038071
19 0.875598 0.162437 0.028708 0.035533
19 0.908194 0.154188 0.032895 0.046954
19 0.943481 0.159264 0.034091 0.036802
19 0.031998 0.889594 0.030502 0.040609
19 0.063397 0.887690 0.032297 0.041878
19 0.097189 0.883883 0.030502 0.036802
19 0.131280 0.889594 0.031699 0.043147
19 0.164175 0.885152 0.028110 0.046954
19 0.195275 0.888325 0.028110 0.043147
19 0.227273 0.890228 0.023923 0.036802
19 0.263756 0.886421 0.034689 0.036802
19 0.296950 0.887690 0.028110 0.031726
19 0.336722 0.887056 0.041866 0.043147
19 0.371711 0.890228 0.028110 0.039340
19 0.398923 0.884518 0.026316 0.038071
19 0.431519 0.885152 0.030502 0.046954
19 0.465012 0.881345 0.029306 0.052030
19 0.499103 0.883249 0.028110 0.045685
19 0.534390 0.885152 0.026914 0.041878
19 0.569079 0.882614 0.031699 0.036802
19 0.599880 0.885152 0.023923 0.034264
19 0.633074 0.886421 0.034091 0.031726
9 0.984450 0.522208 0.019139 0.676396
0 0.982057 0.198604 0.017943 0.034264
0 0.992823 0.163071 0.010766 0.011421
0 0.986842 0.841371 0.015550 0.020305
19 0.537380 0.437817 0.026914 0.043147
19 0.566687 0.437817 0.030502 0.045685
19 0.607356 0.441624 0.034091 0.045685
19 0.641746 0.444162 0.025120 0.038071
19 0.673146 0.444162 0.028110 0.035533
19 0.710825 0.442893 0.020933 0.032995
19 0.708732 0.486675 0.025120 0.041878
19 0.672249 0.487944 0.031100 0.046954
19 0.638756 0.493020 0.022727 0.039340
19 0.606160 0.487944 0.025718 0.044416
19 0.571770 0.491117 0.021531 0.043147
19 0.541268 0.489213 0.027512 0.044416
19 0.544856 0.539340 0.034689 0.038071
19 0.571471 0.540609 0.030502 0.038071
19 0.606758 0.541878 0.030502 0.038071
19 0.637859 0.539975 0.022129 0.034264
19 0.672249 0.539975 0.028708 0.041878
19 0.706041 0.540609 0.025718 0.043147
19 0.540969 0.574239 0.019737 0.024112
19 0.538278 0.621193 0.019139 0.034264
19 0.539175 0.663071 0.020933 0.049492
19 0.538876 0.705584 0.021531 0.035533
19 0.538876 0.748096 0.021531 0.049492
19 0.539175 0.791878 0.020933 0.038071
19 0.539773 0.829949 0.022129 0.038071
19 0.570275 0.834391 0.023325 0.046954
19 0.570873 0.792513 0.020933 0.034264
19 0.572368 0.750000 0.020335 0.040609
19 0.571770 0.706218 0.026316 0.036802
19 0.571471 0.664975 0.024522 0.043147
19 0.572368 0.619289 0.022727 0.038071
19 0.572368 0.578046 0.021531 0.034264
19 0.603170 0.580584 0.022129 0.031726
19 0.602273 0.618655 0.023923 0.044416
19 0.604366 0.663706 0.022129 0.045685
19 0.604366 0.704949 0.022129 0.036802
19 0.607955 0.744924 0.029306 0.043147
19 0.606758 0.787437 0.031699 0.041878
19 0.640550 0.578046 0.028708 0.034264
19 0.638756 0.616751 0.031100 0.043147
19 0.637859 0.659898 0.029306 0.043147
19 0.639055 0.699873 0.026914 0.036802
19 0.638756 0.741117 0.026316 0.045685
19 0.639055 0.784264 0.025718 0.040609
19 0.672249 0.581218 0.025120 0.040609
19 0.671352 0.624365 0.026914 0.045685
19 0.670156 0.665609 0.024522 0.036802
19 0.668361 0.707487 0.028110 0.046954
19 0.671053 0.757614 0.028708 0.035533
19 0.668959 0.791878 0.032895 0.032995
19 0.706639 0.579949 0.023325 0.030457
19 0.705443 0.617386 0.025718 0.044416
19 0.704844 0.664340 0.024522 0.049492
19 0.705443 0.706853 0.023325 0.035533
19 0.705144 0.746827 0.022727 0.044416
19 0.705144 0.790609 0.022727 0.043147
19 0.031100 0.936548 0.023923 0.048223
19 0.070873 0.936548 0.029306 0.048223
19 0.101376 0.936548 0.029306 0.045685
19 0.138457 0.940355 0.032895 0.043147
19 0.169258 0.939721 0.028708 0.044416
19 0.200957 0.939721 0.032297 0.046954
19 0.235646 0.939721 0.037081 0.046954
19 0.272727 0.941624 0.027512 0.040609
19 0.303230 0.936548 0.029904 0.048223
19 0.348983 0.934010 0.023325 0.048223
19 0.382177 0.934645 0.032297 0.046954
19 0.413278 0.936548 0.029904 0.048223
19 0.447967 0.938452 0.033493 0.049492
19 0.489234 0.940990 0.034689 0.046954
19 0.523026 0.940990 0.029306 0.041878
19 0.700060 0.935914 0.031699 0.046954
9 0.983553 0.440355 0.017344 0.406091
0 0.129486 0.109772 0.014952 0.026650
35 0.623206 0.651015 0.209330 0.525381