0 0.123206 0.841371 0.022727 0.025381
5 0.073864 0.842640 0.123804 0.038071
19 0.163577 0.840102 0.032895 0.040609
19 0.164175 0.923223 0.032895 0.044416
19 0.119318 0.918782 0.031699 0.050761
19 0.075658 0.923223 0.036483 0.052030
19 0.030502 0.919416 0.033493 0.049492
0 0.059211 0.060914 0.026316 0.025381
0 0.105263 0.063452 0.044258 0.030457
0 0.176734 0.063452 0.081938 0.027919
0 0.256579 0.054569 0.052632 0.030457
0 0.328648 0.062817 0.077153 0.026650
0 0.400718 0.063452 0.059809 0.025381
22 0.979067 0.025381 0.022727 0.027919
0 0.946471 0.141497 0.017344 0.029188
0 0.946471 0.909264 0.022129 0.034264
0 0.922548 0.943528 0.022129 0.024112
0 0.213517 0.942893 0.016746 0.022843
9 0.946770 0.528553 0.021531 0.795685
9 0.580443 0.944162 0.754187 0.035533
9 0.426734 0.946066 0.402512 0.029188
9 0.946172 0.206853 0.019139 0.091371
22 0.983254 0.064086 0.011962 0.026650
32 0.947069 0.022208 0.019737 0.024112
32 0.965909 0.064721 0.015550 0.025381
29 0.842105 0.103426 0.034689 0.036802
31 0.803529 0.100888 0.026914 0.034264
19 0.768541 0.103426 0.028708 0.026650
19 0.732955 0.105330 0.019737 0.030457
19 0.704246 0.105964 0.022129 0.029188
19 0.678529 0.105330 0.023325 0.025381
19 0.648026 0.102792 0.022129 0.027919
19 0.619318 0.102792 0.024522 0.032995
19 0.591806 0.103426 0.026914 0.026650
19 0.521232 0.105964 0.022129 0.031726
19 0.483254 0.097716 0.021531 0.040609
19 0.456041 0.104061 0.020933 0.020305
7 0.216806 0.306472 0.263756 0.519036
7 0.450658 0.298223 0.238636 0.111675
0 0.213517 0.253807 0.221292 0.027919
0 0.209629 0.289975 0.231459 0.044416
0 0.209629 0.335025 0.230263 0.043147
0 0.199163 0.531726 0.184211 0.038071
3 0.053529 0.583756 0.026914 0.032995