29 0.166567 0.875000 0.016148 0.026650
32 0.916567 0.173858 0.026914 0.030457
19 0.023923 0.143401 0.047847 0.043147
19 0.024821 0.190990 0.046053 0.052030
19 0.025120 0.243655 0.046651 0.053299
19 0.025120 0.296320 0.046651 0.052030
19 0.025419 0.345812 0.047249 0.046954
19 0.023923 0.447335 0.045455 0.046954
19 0.023923 0.599619 0.043062 0.049492
29 0.023026 0.392766 0.035287 0.059645
29 0.026017 0.647208 0.040072 0.050761
35 0.027213 0.491751 0.046053 0.054569
35 0.022129 0.548858 0.040670 0.046954
0 0.988636 0.949873 0.019139 0.024112
0 0.967703 0.979695 0.022727 0.027919
0 0.061005 0.979061 0.019139 0.026650
9 0.515251 0.979695 0.930024 0.032995
9 0.514952 0.978426 0.795455 0.022843
22 0.974880 0.168147 0.019139 0.024112
20 0.571471 0.517766 0.855861 0.738579
0 0.247309 0.833756 0.209928 0.027919
3 0.251196 0.322970 0.181818 0.173858