19 0.023923 0.143401 0.047847 0.043147
19 0.024821 0.190990 0.046053 0.052030
19 0.025120 0.243655 0.046651 0.053299
19 0.025120 0.296320 0.046651 0.052030
19 0.025419 0.345812 0.047249 0.046954
19 0.023923 0.447335 0.045455 0.046954
19 0.023923 0.599619 0.043062 0.049492
29 0.023026 0.392766 0.035287 0.059645
29 0.026017 0.647208 0.040072 0.050761
35 0.027213 0.491751 0.046053 0.054569
35 0.022129 0.548858 0.040670 0.046954
0 0.988636 0.949873 0.019139 0.024112
0 0.967703 0.979695 0.022727 0.027919
0 0.061005 0.979061 0.019139 0.026650
9 0.515251 0.979695 0.930024 0.032995
9 0.514952 0.978426 0.795455 0.022843
29 0.131579 0.892132 0.021531 0.035533
0 0.989533 0.099619 0.017344 0.034264
9 0.987440 0.518401 0.017943 0.876904
9 0.989234 0.545685 0.017943 0.725888
20 0.599880 0.518401 0.608852 0.376904
0 0.741627 0.447970 0.094498 0.035533
0 0.839414 0.452411 0.087919 0.034264
0 0.677632 0.449873 0.019139 0.021574
0 0.476675 0.640863 0.338517 0.035533
22 0.874701 0.356599 0.023325 0.038071
29 0.818182 0.354695 0.017943 0.026650
29 0.318780 0.684645 0.017943 0.029188
5 0.501794 0.447970 0.368421 0.027919
19 0.124402 0.715102 0.086124 0.100254
19 0.134270 0.574873 0.096292 0.101523
19 0.126495 0.869289 0.086722 0.096447
19 0.230562 0.729061 0.083134 0.092640
19 0.246711 0.586929 0.086722 0.123096
19 0.557117 0.889594 0.085526 0.091371
19 0.444976 0.890228 0.101675 0.112944
19 0.328947 0.877538 0.099282 0.100254