19 0.039474 0.185914 0.051435 0.079949
19 0.119318 0.184645 0.059211 0.082487
19 0.120813 0.331853 0.058612 0.095178
19 0.032596 0.331218 0.056818 0.073604
19 0.034988 0.454949 0.055622 0.062183
19 0.127990 0.469543 0.070574 0.073604
19 0.040969 0.604061 0.050837 0.065990
19 0.088218 0.975888 0.055622 0.038071
29 0.025718 0.973985 0.045455 0.044416
0 0.991627 0.105964 0.015550 0.034264
0 0.991029 0.956853 0.015550 0.020305
0 0.970096 0.982868 0.019139 0.019036
0 0.502990 0.920685 0.017943 0.024112
0 0.505682 0.146574 0.018541 0.021574
0 0.473983 0.166244 0.014952 0.020305
0 0.471890 0.210660 0.014354 0.017766
0 0.471292 0.340736 0.022727 0.026650
0 0.473086 0.391497 0.020335 0.031726
0 0.470096 0.434010 0.020335 0.027919
0 0.472787 0.491751 0.016148 0.029188
9 0.989833 0.526650 0.014354 0.880711
9 0.990730 0.548223 0.016148 0.796954
9 0.502691 0.538071 0.020933 0.796954
9 0.504187 0.449873 0.016746 0.574873
15 0.383373 0.610406 0.200957 0.045685
15 0.381579 0.610406 0.016746 0.035533
15 0.387560 0.665609 0.202153 0.031726
15 0.388756 0.663706 0.022727 0.027919
15 0.380084 0.715102 0.209928 0.041878
15 0.295455 0.714467 0.010766 0.050761
4 0.210825 0.790609 0.017344 0.035533
4 0.209928 0.828680 0.022727 0.027919
4 0.210227 0.862944 0.020933 0.030457
4 0.206938 0.894036 0.023923 0.024112
4 0.206938 0.929569 0.019139 0.029188
29 0.212321 0.970812 0.020335 0.035533
23 0.234151 0.968274 0.020933 0.027919
34 0.375897 0.168782 0.215909 0.035533
34 0.375598 0.216371 0.214115 0.036802
34 0.375000 0.340736 0.210526 0.034264
34 0.376495 0.392766 0.213517 0.031726
34 0.377093 0.440355 0.208732 0.032995
34 0.375897 0.492386 0.212321 0.038071
4 0.275419 0.534264 0.022129 0.030457
22 0.855263 0.101523 0.016746 0.030457
20 0.537081 0.529822 0.692584 0.907360
32 0.797847 0.108503 0.020335 0.034264
3 0.364533 0.336929 0.190789 0.039340
3 0.364833 0.391497 0.188995 0.031726
3 0.364533 0.439721 0.189593 0.031726
3 0.365730 0.492386 0.194378 0.032995
3 0.367823 0.168782 0.196172 0.040609
3 0.368122 0.210025 0.201555 0.034264