19 0.283493 0.480964 0.057416 0.121827
19 0.200060 0.497462 0.062799 0.078680
19 0.120514 0.520305 0.075957 0.091371
19 0.044258 0.525381 0.062201 0.121827
19 0.041268 0.631980 0.050239 0.071066
19 0.121711 0.634518 0.065191 0.086294
19 0.199163 0.631345 0.061005 0.092640
19 0.281998 0.635152 0.055622 0.087563
19 0.088218 0.974619 0.059211 0.027919
19 0.261065 0.973985 0.048445 0.041878
0 0.021830 0.068528 0.042464 0.038071
0 0.064593 0.066624 0.040670 0.041878
0 0.114833 0.067893 0.043062 0.041878
0 0.175837 0.064721 0.055024 0.040609
0 0.243122 0.065990 0.072368 0.030457
0 0.307715 0.066624 0.047249 0.036802
32 0.909390 0.022208 0.028110 0.026650
29 0.316089 0.974619 0.055622 0.043147
29 0.029904 0.975888 0.056220 0.038071
0 0.333732 0.675761 0.020335 0.026650
22 0.970694 0.021574 0.028708 0.027919
35 0.149522 0.974619 0.057416 0.043147
35 0.206340 0.974619 0.051435 0.045685
7 0.159091 0.206218 0.230861 0.326142
0 0.151316 0.342640 0.198565 0.038071