19 0.088218 0.974619 0.059211 0.027919
29 0.029904 0.975888 0.056220 0.038071
20 0.572069 0.512056 0.748206 0.892132
0 0.988038 0.100888 0.019139 0.029188
0 0.990132 0.953680 0.017344 0.026650
0 0.966507 0.980330 0.021531 0.024112
0 0.357356 0.980964 0.024522 0.030457
0 0.381579 0.173858 0.019139 0.027919
0 0.382476 0.261421 0.012560 0.022843
0 0.382775 0.529822 0.016746 0.029188
19 0.044856 0.184645 0.051435 0.087563
19 0.130084 0.178934 0.060407 0.076142
19 0.127691 0.316624 0.049641 0.079949
19 0.045455 0.319797 0.069378 0.091371
19 0.042165 0.450508 0.058014 0.073604
19 0.122907 0.456853 0.046053 0.063452
5 0.302033 0.168782 0.184211 0.045685
5 0.300538 0.531091 0.180024 0.039340
3 0.293062 0.260787 0.165072 0.041878
4 0.217105 0.312183 0.021531 0.043147
4 0.220096 0.874365 0.021531 0.048223
22 0.920156 0.092005 0.019737 0.026650
9 0.988038 0.524746 0.016746 0.874365
9 0.988337 0.544416 0.016148 0.791878
9 0.662978 0.979695 0.630981 0.032995
9 0.466208 0.983503 0.177632 0.022843
32 0.860048 0.085660 0.025120 0.031726
29 0.219498 0.940355 0.020335 0.032995
23 0.243720 0.941624 0.018541 0.035533
34 0.301734 0.262690 0.186005 0.048223
15 0.289474 0.442893 0.162679 0.050761
15 0.249701 0.439721 0.019737 0.039340