19 0.024821 0.147208 0.044856 0.050761
19 0.024222 0.194162 0.046053 0.043147
19 0.023923 0.244289 0.045455 0.057107
19 0.024821 0.299492 0.043660 0.053299
19 0.022428 0.349619 0.038876 0.046954
19 0.025419 0.445431 0.035287 0.032995
19 0.024821 0.602792 0.035287 0.043147
19 0.155801 0.136421 0.078349 0.097716
19 0.273026 0.131980 0.085526 0.106599
19 0.385766 0.137056 0.089713 0.096447
19 0.506878 0.140863 0.092703 0.088832
19 0.614833 0.145305 0.090909 0.079949
19 0.711722 0.155457 0.089713 0.100254
19 0.834629 0.147843 0.102273 0.105330
19 0.793361 0.302030 0.091507 0.093909
19 0.669258 0.303299 0.088517 0.083756
19 0.574462 0.293147 0.075957 0.091371
19 0.467105 0.296954 0.087321 0.091371
19 0.369318 0.291244 0.083134 0.092640
19 0.270036 0.285533 0.078349 0.109137
19 0.160885 0.288071 0.092105 0.096447
19 0.149522 0.457487 0.105263 0.102792
19 0.261663 0.453680 0.074761 0.072335
19 0.382476 0.454315 0.098684 0.096447
19 0.511065 0.456218 0.096292 0.087563
19 0.620813 0.460660 0.093301 0.101523
19 0.680921 0.630711 0.105861 0.093909
19 0.583134 0.628807 0.077751 0.074873
19 0.480562 0.630711 0.108254 0.093909
19 0.371112 0.622462 0.093900 0.095178
19 0.255682 0.631345 0.096292 0.087563
19 0.144139 0.623096 0.094498 0.091371
19 0.127392 0.762690 0.099282 0.098985
19 0.235646 0.763325 0.095694 0.087563
19 0.335825 0.768401 0.092703 0.100254
19 0.450060 0.770305 0.093900 0.093909
19 0.563098 0.771574 0.087919 0.083756
19 0.667165 0.770939 0.087919 0.110406
19 0.784390 0.782995 0.097488 0.093909
35 0.026615 0.496827 0.041268 0.052030
35 0.025718 0.553934 0.043062 0.062183
29 0.878589 0.470812 0.025120 0.032995
29 0.026316 0.399112 0.027512 0.041878
29 0.025718 0.659898 0.033493 0.048223
29 0.761663 0.695431 0.020933 0.035533
4 0.767943 0.630076 0.022727 0.031726
22 0.938696 0.478426 0.022129 0.038071
3 0.851675 0.565990 0.186603 0.040609
20 0.854067 0.581853 0.222488 0.262690
0 0.988337 0.095812 0.022129 0.024112
0 0.989234 0.949873 0.019139 0.031726
0 0.969199 0.981599 0.026914 0.029188
0 0.058612 0.977157 0.020335 0.027919
9 0.987141 0.524112 0.022129 0.883249
9 0.988038 0.508883 0.013158 0.725888
9 0.515251 0.975254 0.939593 0.031726
9 0.511663 0.980964 0.792464 0.025381