19 0.043361 0.270939 0.066388 0.087563
19 0.039773 0.411168 0.060407 0.088832
19 0.041268 0.551396 0.057416 0.090102
19 0.117823 0.266497 0.061005 0.081218
19 0.123206 0.401650 0.058612 0.082487
19 0.120813 0.555203 0.069378 0.072335
19 0.256878 0.974619 0.058014 0.048223
19 0.085526 0.977792 0.059809 0.041878
0 0.989833 0.982868 0.017943 0.021574
0 0.357057 0.983503 0.020335 0.025381
29 0.027213 0.975888 0.050837 0.043147
29 0.316388 0.975254 0.056220 0.044416
35 0.200060 0.972081 0.056818 0.038071
35 0.145933 0.977157 0.061005 0.043147
9 0.669258 0.980964 0.654306 0.030457
9 0.469199 0.979695 0.200359 0.017766
22 0.971591 0.021574 0.022129 0.032995
32 0.918660 0.027284 0.034689 0.034264
22 0.841806 0.090102 0.024522 0.030457
20 0.513756 0.497462 0.714115 0.862944
4 0.180323 0.829315 0.020933 0.036802
29 0.180024 0.895939 0.019139 0.032995
19 0.256878 0.901015 0.019737 0.022843
19 0.291567 0.898477 0.023325 0.038071
32 0.785287 0.087563 0.023923 0.022843