19 0.043361 0.270939 0.066388 0.087563
19 0.039773 0.411168 0.060407 0.088832
19 0.041268 0.551396 0.057416 0.090102
19 0.117823 0.266497 0.061005 0.081218
19 0.123206 0.401650 0.058612 0.082487
19 0.120813 0.555203 0.069378 0.072335
19 0.202751 0.563452 0.072967 0.096447
19 0.207237 0.411802 0.061603 0.052030
19 0.203947 0.269670 0.059809 0.067259
19 0.256878 0.974619 0.058014 0.048223
19 0.085526 0.977792 0.059809 0.041878
0 0.989833 0.982868 0.017943 0.021574
0 0.357057 0.983503 0.020335 0.025381
29 0.027213 0.975888 0.050837 0.043147
29 0.316388 0.975254 0.056220 0.044416
35 0.200060 0.972081 0.056818 0.038071
35 0.145933 0.977157 0.061005 0.043147
9 0.669258 0.980964 0.654306 0.030457
9 0.469199 0.979695 0.200359 0.017766
22 0.971591 0.021574 0.022129 0.032995
32 0.918660 0.027284 0.034689 0.034264
22 0.863636 0.038706 0.032297 0.041878
2 0.269737 0.139594 0.020335 0.040609
2 0.271830 0.178299 0.035287 0.031726
2 0.272727 0.211929 0.023923 0.032995
2 0.273026 0.255076 0.019737 0.043147
2 0.270335 0.295051 0.023923 0.024112
2 0.271531 0.331218 0.019139 0.035533
2 0.597787 0.419416 0.018541 0.039340
2 0.598086 0.458122 0.027512 0.040609
2 0.599282 0.493655 0.021531 0.043147
2 0.598983 0.534898 0.022129 0.041878
2 0.598086 0.574873 0.022727 0.032995
2 0.599282 0.611675 0.020335 0.035533
2 0.598385 0.652284 0.020933 0.032995
2 0.599581 0.684645 0.018541 0.031726
0 0.849581 0.734137 0.019737 0.026650
0 0.725478 0.770305 0.264354 0.035533
21 0.425239 0.602792 0.319378 0.398477
5 0.726376 0.728426 0.267344 0.030457
4 0.622010 0.864848 0.019139 0.041878
20 0.559809 0.480330 0.663876 0.937817
19 0.325658 0.929569 0.026914 0.039340
19 0.362141 0.927030 0.028110 0.029188
29 0.803529 0.034264 0.012560 0.040609
29 0.253888 0.925761 0.017344 0.039340