4 0.122010 0.158629 0.020335 0.030457
4 0.124701 0.193528 0.022129 0.034264
4 0.125000 0.227792 0.020335 0.026650
4 0.124402 0.262056 0.019139 0.034264
4 0.126495 0.300761 0.013756 0.030457
4 0.122608 0.329949 0.022727 0.022843
4 0.125299 0.364213 0.026914 0.032995
2 0.131878 0.699873 0.022129 0.036802
2 0.131280 0.739848 0.026914 0.027919
2 0.132476 0.770939 0.024522 0.024112
2 0.129187 0.804569 0.028708 0.032995
22 0.939294 0.076142 0.022129 0.040609
0 0.279904 0.798223 0.020335 0.015228
0 0.281100 0.813452 0.017943 0.015228
6 0.280502 0.806472 0.022727 0.044416
3 0.251196 0.808376 0.032297 0.030457
4 0.124402 0.852157 0.017943 0.034264
32 0.879785 0.079949 0.027512 0.040609
0 0.356160 0.987310 0.023325 0.022843
0 0.989533 0.984772 0.017344 0.025381
9 0.671053 0.983503 0.655502 0.030457
9 0.465909 0.986675 0.197368 0.024112
20 0.534091 0.497462 0.862440 0.883249
29 0.124402 0.916878 0.019139 0.029188
19 0.198266 0.917513 0.018541 0.035533
19 0.256878 0.916878 0.016148 0.034264
19 0.043062 0.206218 0.041866 0.085025
19 0.041268 0.335025 0.066986 0.083756
19 0.041268 0.472716 0.065789 0.087563
19 0.037081 0.619289 0.056220 0.060914
14 0.509868 0.213832 0.382177 0.189086