19 0.039474 0.185914 0.051435 0.079949
19 0.119318 0.184645 0.059211 0.082487
19 0.200658 0.193528 0.069976 0.072335
19 0.281400 0.177665 0.073565 0.093909
19 0.282297 0.321701 0.056220 0.100254
19 0.201555 0.324239 0.058612 0.097716
19 0.120813 0.331853 0.058612 0.095178
19 0.032596 0.331218 0.056818 0.073604
19 0.034988 0.454949 0.055622 0.062183
19 0.127990 0.469543 0.070574 0.073604
19 0.204246 0.469543 0.071172 0.065990
19 0.281699 0.464467 0.065789 0.058376
19 0.040969 0.604061 0.050837 0.065990
19 0.260167 0.973350 0.055024 0.040609
19 0.088218 0.975888 0.055622 0.038071
29 0.314294 0.973350 0.053230 0.040609
29 0.025718 0.973985 0.045455 0.044416
0 0.358852 0.985406 0.023923 0.021574
0 0.988038 0.984772 0.016746 0.020305
9 0.475179 0.983503 0.194378 0.022843
9 0.671950 0.982234 0.650120 0.032995
22 0.855861 0.157360 0.019139 0.027919
29 0.804426 0.157360 0.032297 0.043147
29 0.331340 0.878807 0.017943 0.026650
2 0.604964 0.237944 0.020933 0.031726
2 0.605562 0.277284 0.022129 0.024112
2 0.606758 0.309645 0.019737 0.030457
2 0.334031 0.242386 0.018541 0.027919
2 0.336423 0.356599 0.019737 0.040609
20 0.595395 0.513959 0.577153 0.766497
19 0.400419 0.881345 0.018541 0.026650
19 0.436304 0.880076 0.030502 0.029188
0 0.498804 0.288071 0.016746 0.015228
0 0.498206 0.303934 0.019139 0.013959
6 0.499103 0.292513 0.020933 0.031726
3 0.476974 0.296954 0.018541 0.027919
4 0.615132 0.814721 0.019737 0.038071
21 0.487141 0.595178 0.324761 0.335025