32 0.664773 0.116117 0.025718 0.031726
29 0.171352 0.940355 0.016148 0.030457
29 0.035885 0.978426 0.027512 0.040609
20 0.449163 0.529188 0.599282 0.878173
22 0.720395 0.112310 0.022129 0.031726
19 0.041268 0.272843 0.065789 0.098985
19 0.043062 0.410533 0.064593 0.082487
19 0.037679 0.546320 0.053828 0.079949
19 0.822967 0.206853 0.095694 0.106599
19 0.928828 0.208122 0.084928 0.098985
19 0.918361 0.359137 0.096292 0.109137
19 0.816986 0.364848 0.084928 0.097716
19 0.242823 0.943528 0.019139 0.034264
19 0.276914 0.939086 0.022727 0.038071
0 0.449761 0.236675 0.095694 0.049492
0 0.449761 0.324873 0.094498 0.040609
0 0.448565 0.414340 0.092105 0.041878
0 0.449462 0.517132 0.091507 0.049492
0 0.449761 0.578046 0.092105 0.041878
0 0.449761 0.625635 0.093301 0.032995
0 0.449163 0.697335 0.089713 0.044416
0 0.449761 0.754442 0.090909 0.041878
0 0.449761 0.805838 0.090909 0.035533
0 0.241328 0.882614 0.145335 0.029188
3 0.279904 0.225888 0.224880 0.038071
3 0.620215 0.224619 0.226077 0.030457
21 0.280801 0.535533 0.224282 0.571066
21 0.619019 0.355330 0.223684 0.210660
21 0.620215 0.583122 0.223684 0.123096
21 0.618421 0.763959 0.229665 0.129442
4 0.559510 0.879442 0.022129 0.027919