22 0.973086 0.024746 0.025120 0.029188
32 0.915670 0.022208 0.023923 0.026650
0 0.025120 0.071701 0.034689 0.039340
0 0.065789 0.067893 0.022727 0.031726
0 0.115132 0.065355 0.031699 0.039340
0 0.172249 0.069162 0.052632 0.034264
0 0.241926 0.066624 0.052033 0.036802
0 0.303828 0.067259 0.035885 0.032995
0 0.332237 0.144036 0.016148 0.039340
0 0.332237 0.682741 0.010167 0.025381
0 0.833134 0.238579 0.020335 0.027919
0 0.837919 0.868655 0.015550 0.024112
3 0.740132 0.195431 0.219498 0.035533
9 0.836423 0.549492 0.023325 0.657360
9 0.836124 0.313452 0.021531 0.124365
9 0.332835 0.411168 0.020933 0.571066
9 0.333433 0.255711 0.019737 0.184010
19 0.125000 0.202411 0.053828 0.079949
19 0.203050 0.205584 0.050837 0.081218
19 0.278409 0.210660 0.050837 0.071066
19 0.279605 0.340736 0.054426 0.090102
19 0.202751 0.343274 0.049043 0.074873
19 0.125000 0.337563 0.076555 0.101523
19 0.041866 0.338198 0.055024 0.085025
19 0.043361 0.477157 0.061603 0.091371
19 0.122907 0.478426 0.067584 0.083756
19 0.199761 0.477792 0.065789 0.087563
19 0.270036 0.475254 0.058014 0.079949
19 0.042165 0.614213 0.060407 0.068528
19 0.123804 0.614848 0.068182 0.097716
19 0.199761 0.620558 0.057416 0.093909
19 0.273325 0.621193 0.056220 0.097716
19 0.403708 0.158629 0.094498 0.116751
19 0.462620 0.491117 0.089115 0.111675
19 0.537081 0.340102 0.068182 0.111675
20 0.722189 0.528553 0.263756 0.734772