19 0.043361 0.270939 0.066388 0.087563
19 0.039773 0.411168 0.060407 0.088832
19 0.041268 0.551396 0.057416 0.090102
19 0.117823 0.266497 0.061005 0.081218
19 0.123206 0.401650 0.058612 0.082487
19 0.120813 0.555203 0.069378 0.072335
19 0.256878 0.974619 0.058014 0.048223
19 0.085526 0.977792 0.059809 0.041878
0 0.989833 0.982868 0.017943 0.021574
0 0.357057 0.983503 0.020335 0.025381
29 0.027213 0.975888 0.050837 0.043147
29 0.316388 0.975254 0.056220 0.044416
35 0.200060 0.972081 0.056818 0.038071
35 0.145933 0.977157 0.061005 0.043147
9 0.669258 0.980964 0.654306 0.030457
9 0.469199 0.979695 0.200359 0.017766
19 0.259569 0.902919 0.025120 0.031726
19 0.290371 0.905457 0.022129 0.026650
22 0.846890 0.088198 0.021531 0.029188
29 0.180024 0.902919 0.015550 0.026650
32 0.784689 0.087563 0.020335 0.030457
20 0.517045 0.499365 0.715909 0.861675
2 0.533792 0.192893 0.019737 0.043147
2 0.534689 0.233503 0.017943 0.040609
2 0.532895 0.270939 0.021531 0.034264
2 0.532895 0.416878 0.019139 0.041878
15 0.680622 0.349619 0.259569 0.039340
15 0.650718 0.354061 0.025120 0.035533
22 0.828648 0.148477 0.019737 0.027919
4 0.181220 0.832487 0.021531 0.035533
2 0.533493 0.524112 0.019139 0.045685
2 0.532895 0.564086 0.017943 0.029188
2 0.533194 0.600254 0.017344 0.035533
2 0.532596 0.636421 0.020933 0.029188
2 0.530801 0.674492 0.020933 0.024112
2 0.531100 0.715102 0.019139 0.031726
2 0.532297 0.820431 0.023923 0.031726
0 0.854067 0.145305 0.022727 0.029188
0 0.855562 0.854061 0.022129 0.030457
9 0.857656 0.504442 0.029904 0.747462
9 0.856758 0.392766 0.024522 0.463198
22 0.828648 0.474619 0.019737 0.032995
22 0.829844 0.770939 0.018541 0.029188