22 0.974880 0.026650 0.025120 0.043147
32 0.919557 0.025381 0.031699 0.038071
0 0.022727 0.063452 0.032297 0.035533
0 0.061005 0.065990 0.034689 0.030457
0 0.110048 0.068528 0.045455 0.035533
0 0.165371 0.062817 0.048445 0.039340
0 0.219498 0.068528 0.045455 0.040609
0 0.292763 0.064721 0.090311 0.043147
0 0.403110 0.064086 0.108852 0.044416
0 0.502093 0.062817 0.062799 0.036802
0 0.563098 0.069797 0.041268 0.035533
0 0.802931 0.108503 0.115431 0.034264
0 0.210526 0.195431 0.019139 0.022843
0 0.151914 0.241751 0.014354 0.019036
28 0.043959 0.105330 0.050837 0.038071
19 0.095694 0.108503 0.028708 0.026650
23 0.165371 0.108503 0.022129 0.031726
5 0.154605 0.194797 0.130981 0.039340
5 0.125598 0.246193 0.071770 0.040609
4 0.014952 0.282995 0.017943 0.035533
7 0.630682 0.238579 0.200359 0.373096
0 0.630682 0.110406 0.169258 0.045685
0 0.630084 0.156726 0.170455 0.046954
0 0.624701 0.198604 0.159689 0.036802
0 0.622907 0.235406 0.163278 0.036802
0 0.628888 0.270939 0.175239 0.034264
0 0.630383 0.312817 0.172249 0.049492
0 0.629187 0.357234 0.169856 0.039340
0 0.630084 0.397208 0.168062 0.040609
19 0.245514 0.109137 0.025718 0.035533
19 0.315490 0.107234 0.019737 0.029188
19 0.395933 0.107234 0.035885 0.041878
19 0.425538 0.102792 0.017344 0.027919
19 0.450957 0.104061 0.025120 0.032995
19 0.477871 0.111041 0.019139 0.036802
19 0.509270 0.114848 0.029306 0.046954