22 0.974880 0.026650 0.025120 0.043147
32 0.919557 0.025381 0.031699 0.038071
0 0.022727 0.063452 0.032297 0.035533
0 0.061005 0.065990 0.034689 0.030457
0 0.110048 0.068528 0.045455 0.035533
0 0.165371 0.062817 0.048445 0.039340
0 0.219498 0.068528 0.045455 0.040609
0 0.292763 0.064721 0.090311 0.043147
0 0.403110 0.064086 0.108852 0.044416
0 0.502093 0.062817 0.062799 0.036802
0 0.563098 0.069797 0.041268 0.035533
0 0.694079 0.106599 0.095096 0.030457
0 0.802931 0.108503 0.115431 0.034264
28 0.043959 0.105330 0.050837 0.038071
19 0.095694 0.108503 0.028708 0.026650
23 0.165371 0.108503 0.022129 0.031726
12 0.348983 0.160533 0.061603 0.036802
19 0.312500 0.103426 0.019737 0.036802
19 0.239833 0.102792 0.019139 0.032995
19 0.393242 0.105964 0.034091 0.039340
19 0.419258 0.106599 0.025120 0.025381
19 0.450060 0.108503 0.023325 0.029188
19 0.482057 0.108503 0.017943 0.024112
19 0.505383 0.105964 0.021531 0.034264
19 0.535885 0.105964 0.023923 0.034264
19 0.564294 0.104061 0.022129 0.030457
19 0.591208 0.109137 0.028110 0.027919
19 0.619617 0.111041 0.023923 0.029188
4 0.016447 0.195431 0.017344 0.030457
4 0.016148 0.232868 0.023923 0.036802
0 0.278708 0.268401 0.016746 0.013959
0 0.279306 0.283629 0.015550 0.016497
6 0.277811 0.276650 0.019737 0.035533
3 0.209330 0.277284 0.114833 0.036802