22 0.974880 0.026650 0.025120 0.043147
32 0.919557 0.025381 0.031699 0.038071
0 0.022727 0.063452 0.032297 0.035533
0 0.061005 0.065990 0.034689 0.030457
0 0.110048 0.068528 0.045455 0.035533
0 0.165371 0.062817 0.048445 0.039340
0 0.219498 0.068528 0.045455 0.040609
0 0.292763 0.064721 0.090311 0.043147
0 0.403110 0.064086 0.108852 0.044416
0 0.502093 0.062817 0.062799 0.036802
0 0.563098 0.069797 0.041268 0.035533
0 0.694079 0.106599 0.095096 0.030457
0 0.802931 0.108503 0.115431 0.034264
12 0.348983 0.160533 0.061603 0.036802
19 0.312500 0.103426 0.019737 0.036802
19 0.393242 0.105964 0.034091 0.039340
19 0.419258 0.106599 0.025120 0.025381
19 0.450060 0.108503 0.023325 0.029188
19 0.482057 0.108503 0.017943 0.024112
19 0.505383 0.105964 0.021531 0.034264
19 0.535885 0.105964 0.023923 0.034264
19 0.564294 0.104061 0.022129 0.030457
19 0.591208 0.109137 0.028110 0.027919
19 0.619617 0.111041 0.023923 0.029188
7 0.174043 0.253807 0.266746 0.408629
8 0.351077 0.292513 0.147129 0.085025
0 0.360048 0.271574 0.095694 0.032995
0 0.364533 0.305838 0.086722 0.035533
0 0.159689 0.197970 0.217703 0.038071
0 0.156699 0.236675 0.224880 0.039340
0 0.161782 0.274746 0.235048 0.036802
0 0.163577 0.309645 0.231459 0.032995
0 0.165072 0.348350 0.234450 0.044416
0 0.165371 0.389594 0.233852 0.038071
0 0.170754 0.427665 0.244617 0.038071