22 0.974880 0.026650 0.025120 0.043147
32 0.919557 0.025381 0.031699 0.038071
0 0.022727 0.063452 0.032297 0.035533
0 0.061005 0.065990 0.034689 0.030457
0 0.110048 0.068528 0.045455 0.035533
0 0.165371 0.062817 0.048445 0.039340
0 0.219498 0.068528 0.045455 0.040609
0 0.292763 0.064721 0.090311 0.043147
0 0.403110 0.064086 0.108852 0.044416
0 0.502093 0.062817 0.062799 0.036802
0 0.563098 0.069797 0.041268 0.035533
0 0.694079 0.106599 0.095096 0.030457
0 0.802931 0.108503 0.115431 0.034264
12 0.348983 0.160533 0.061603 0.036802
19 0.312500 0.103426 0.019737 0.036802
19 0.393242 0.105964 0.034091 0.039340
19 0.419258 0.106599 0.025120 0.025381
19 0.450060 0.108503 0.023325 0.029188
19 0.482057 0.108503 0.017943 0.024112
19 0.505383 0.105964 0.021531 0.034264
19 0.535885 0.105964 0.023923 0.034264
19 0.564294 0.104061 0.022129 0.030457
19 0.591208 0.109137 0.028110 0.027919
19 0.619617 0.111041 0.023923 0.029188
0 0.132177 0.105964 0.254785 0.036802
0 0.132476 0.140228 0.254187 0.031726
0 0.132775 0.176396 0.254785 0.040609
0 0.131878 0.215736 0.256579 0.038071
0 0.130682 0.306472 0.251794 0.036802
0 0.133971 0.379442 0.253589 0.032995
0 0.134270 0.414975 0.252990 0.038071
0 0.120514 0.457487 0.225478 0.046954
0 0.366029 0.388325 0.184211 0.040609
0 0.365431 0.425127 0.185407 0.032995
0 0.364833 0.460025 0.184211 0.036802
0 0.368122 0.496193 0.177632 0.035533
0 0.381579 0.529822 0.204545 0.031726
0 0.383373 0.563452 0.200957 0.035533
7 0.140550 0.269670 0.270335 0.437817
8 0.383971 0.477792 0.279904 0.227157