22 0.974880 0.026650 0.025120 0.043147
32 0.919557 0.025381 0.031699 0.038071
0 0.022727 0.063452 0.032297 0.035533
0 0.061005 0.065990 0.034689 0.030457
0 0.110048 0.068528 0.045455 0.035533
0 0.165371 0.062817 0.048445 0.039340
0 0.219498 0.068528 0.045455 0.040609
0 0.292763 0.064721 0.090311 0.043147
0 0.403110 0.064086 0.108852 0.044416
0 0.502093 0.062817 0.062799 0.036802
0 0.563098 0.069797 0.041268 0.035533
0 0.694079 0.106599 0.095096 0.030457
0 0.802931 0.108503 0.115431 0.034264
28 0.043959 0.105330 0.050837 0.038071
19 0.393242 0.105964 0.034091 0.039340
19 0.419258 0.106599 0.025120 0.025381
19 0.450060 0.108503 0.023325 0.029188
19 0.482057 0.108503 0.017943 0.024112
19 0.505383 0.105964 0.021531 0.034264
19 0.535885 0.105964 0.023923 0.034264
19 0.564294 0.104061 0.022129 0.030457
19 0.591208 0.109137 0.028110 0.027919
19 0.619617 0.111041 0.023923 0.029188
0 0.216806 0.104695 0.256579 0.034264
0 0.217703 0.140228 0.254785 0.036802
0 0.203349 0.249365 0.229665 0.031726
0 0.204246 0.288071 0.227871 0.045685
0 0.212022 0.339467 0.245813 0.034264
0 0.211722 0.375635 0.246411 0.038071
0 0.211722 0.415609 0.246411 0.041878
0 0.213517 0.455584 0.242823 0.038071
0 0.215311 0.495558 0.246411 0.041878
0 0.214713 0.539340 0.247608 0.045685
0 0.193780 0.580584 0.205742 0.036802
0 0.212321 0.722081 0.240431 0.048223
0 0.464115 0.722081 0.198565 0.032995
0 0.466208 0.756345 0.194378 0.035533
0 0.464115 0.793782 0.190191 0.039340
0 0.463517 0.835660 0.191388 0.044416
0 0.467404 0.876904 0.199163 0.038071
0 0.469199 0.907360 0.195574 0.022843
7 0.216507 0.396574 0.267943 0.696701
8 0.447069 0.810914 0.249402 0.228426