22 0.974880 0.026650 0.025120 0.043147
32 0.919557 0.025381 0.031699 0.038071
0 0.022727 0.063452 0.032297 0.035533
0 0.061005 0.065990 0.034689 0.030457
0 0.110048 0.068528 0.045455 0.035533
0 0.165371 0.062817 0.048445 0.039340
0 0.219498 0.068528 0.045455 0.040609
0 0.292763 0.064721 0.090311 0.043147
0 0.403110 0.064086 0.108852 0.044416
0 0.502093 0.062817 0.062799 0.036802
0 0.563098 0.069797 0.041268 0.035533
0 0.694079 0.106599 0.095096 0.030457
0 0.802931 0.108503 0.115431 0.034264
28 0.043959 0.105330 0.050837 0.038071
19 0.393242 0.105964 0.034091 0.039340
19 0.419258 0.106599 0.025120 0.025381
19 0.450060 0.108503 0.023325 0.029188
19 0.482057 0.108503 0.017943 0.024112
19 0.505383 0.105964 0.021531 0.034264
19 0.535885 0.105964 0.023923 0.034264
19 0.564294 0.104061 0.022129 0.030457
19 0.591208 0.109137 0.028110 0.027919
19 0.619617 0.111041 0.023923 0.029188
7 0.219498 0.397843 0.267943 0.694162
0 0.160885 0.104061 0.148325 0.040609
0 0.163577 0.143401 0.153708 0.038071
0 0.150718 0.252538 0.123206 0.032995
0 0.180024 0.292513 0.178230 0.052030
0 0.180921 0.343909 0.180024 0.043147
0 0.183911 0.381345 0.187201 0.031726
0 0.187799 0.414340 0.193780 0.036802
0 0.214713 0.457487 0.242823 0.049492
0 0.213517 0.498731 0.245215 0.032995
0 0.203648 0.537437 0.224282 0.044416
0 0.200060 0.577411 0.231459 0.035533
0 0.217404 0.713832 0.244617 0.034264