22 0.889952 0.022843 0.021531 0.032995
32 0.834928 0.024112 0.021531 0.022843
20 0.505383 0.496193 0.828947 0.992386
0 0.178230 0.071701 0.156699 0.021574
0 0.177033 0.095178 0.159091 0.025381
0 0.177033 0.116751 0.159091 0.020305
0 0.178529 0.140228 0.159689 0.026650
0 0.178529 0.164340 0.159689 0.021574
0 0.178828 0.185279 0.160287 0.020305
0 0.179426 0.206218 0.159091 0.021574
0 0.178529 0.229061 0.159689 0.019036
0 0.178529 0.250000 0.159689 0.022843
0 0.178230 0.270939 0.159091 0.019036
0 0.179127 0.292513 0.157297 0.024112
0 0.178828 0.316624 0.156699 0.024112
0 0.178230 0.337563 0.157895 0.017766
0 0.178828 0.357868 0.159091 0.022843
0 0.178828 0.380076 0.159091 0.021574
3 0.636364 0.086294 0.513158 0.030457
3 0.637560 0.129442 0.511962 0.045685
3 0.637261 0.173858 0.511364 0.030457
3 0.638158 0.212563 0.513158 0.034264
3 0.636364 0.253807 0.513158 0.032995
3 0.637859 0.298223 0.510167 0.038071
19 0.035586 0.112310 0.032895 0.046954
19 0.071471 0.108503 0.038876 0.044416
19 0.964115 0.107868 0.031100 0.038071
0 0.024522 0.064086 0.033493 0.019036
0 0.058014 0.065990 0.027512 0.017766