32 0.915670 0.026650 0.027512 0.035533
22 0.971292 0.026650 0.026316 0.038071
0 0.017644 0.064086 0.025718 0.026650
0 0.056519 0.065355 0.036483 0.021574
0 0.101974 0.067893 0.043660 0.029188
0 0.146232 0.067893 0.040072 0.034264
19 0.959330 0.109137 0.038278 0.050761
19 0.989833 0.109137 0.016746 0.038071
19 0.805323 0.114848 0.041268 0.041878
19 0.671352 0.114848 0.040072 0.049492
19 0.591208 0.105964 0.038876 0.049492
35 0.742823 0.109772 0.044258 0.034264
35 0.898624 0.114848 0.043660 0.041878
0 0.910885 0.118020 0.011962 0.025381
0 0.753888 0.114213 0.019737 0.025381
19 0.034988 0.114848 0.031699 0.046954
19 0.074462 0.112310 0.036483 0.041878
19 0.113636 0.112310 0.034689 0.039340
30 0.232656 0.112944 0.026316 0.040609
0 0.448565 0.108503 0.020335 0.031726
0 0.379785 0.145305 0.248804 0.034264
0 0.380981 0.182107 0.246411 0.039340
0 0.380084 0.220178 0.244617 0.036802
0 0.379785 0.258249 0.245215 0.039340
0 0.379187 0.293147 0.244019 0.030457
0 0.377990 0.326142 0.238038 0.030457
0 0.377392 0.362310 0.239234 0.041878
0 0.376495 0.398477 0.237440 0.030457
0 0.376794 0.429569 0.236842 0.031726
0 0.373206 0.465102 0.230861 0.036802
0 0.372309 0.501904 0.221890 0.029188
0 0.373206 0.541878 0.228469 0.035533
0 0.369019 0.571066 0.223684 0.035533
0 0.371711 0.605330 0.227871 0.043147
0 0.371411 0.640863 0.235646 0.035533
0 0.380682 0.677665 0.244617 0.030457
0 0.380383 0.710660 0.245215 0.035533
0 0.382476 0.746193 0.249402 0.035533
0 0.382775 0.782995 0.248804 0.038071
0 0.383074 0.819797 0.249402 0.035533
0 0.381579 0.854695 0.245215 0.034264
0 0.382476 0.885787 0.249402 0.030457
0 0.382775 0.919416 0.246411 0.039340
0 0.382476 0.951142 0.245813 0.031726
0 0.381579 0.982868 0.246411 0.031726
5 0.382177 0.545685 0.253589 0.901015
8 0.601974 0.845178 0.219498 0.299492
0 0.605263 0.717005 0.196172 0.038071
0 0.605562 0.751269 0.195574 0.030457
0 0.604067 0.783629 0.192584 0.034264
0 0.605263 0.819797 0.191388 0.038071
0 0.607656 0.855964 0.196172 0.034264
0 0.604665 0.892132 0.202153 0.038071
0 0.604366 0.929569 0.199163 0.036802
0 0.607955 0.965736 0.191986 0.035533