32 0.915670 0.026650 0.027512 0.035533
22 0.971292 0.026650 0.026316 0.038071
0 0.017644 0.064086 0.025718 0.026650
0 0.056519 0.065355 0.036483 0.021574
0 0.101974 0.067893 0.043660 0.029188
0 0.146232 0.067893 0.040072 0.034264
19 0.959330 0.109137 0.038278 0.050761
19 0.989833 0.109137 0.016746 0.038071
19 0.805323 0.114848 0.041268 0.041878
19 0.671352 0.114848 0.040072 0.049492
19 0.591208 0.105964 0.038876 0.049492
35 0.742823 0.109772 0.044258 0.034264
35 0.898624 0.114848 0.043660 0.041878
0 0.910885 0.118020 0.011962 0.025381
0 0.753888 0.114213 0.019737 0.025381
19 0.034988 0.114848 0.031699 0.046954
0 0.448565 0.108503 0.020335 0.031726
7 0.240132 0.215736 0.319976 0.317259
0 0.240730 0.098350 0.313995 0.039340
0 0.242225 0.135152 0.311005 0.034264
0 0.238935 0.170051 0.304426 0.035533
0 0.239234 0.206218 0.303828 0.036802
0 0.241328 0.241751 0.308014 0.034264
0 0.239533 0.276015 0.311603 0.034264
0 0.236543 0.312183 0.305622 0.038071
0 0.238337 0.347716 0.299641 0.030457
4 0.099282 0.136421 0.020335 0.021574
8 0.548744 0.605964 0.333134 0.767766
0 0.558014 0.241751 0.309809 0.034264
0 0.556220 0.279188 0.313397 0.040609
0 0.556519 0.312817 0.313995 0.026650
0 0.557117 0.346447 0.312799 0.040609
0 0.553828 0.383249 0.306220 0.032995
0 0.556220 0.420051 0.301435 0.040609
0 0.553529 0.457487 0.298445 0.034264
0 0.556220 0.490482 0.303828 0.029188
0 0.557715 0.522208 0.306818 0.034264
0 0.555323 0.558376 0.311603 0.038071
0 0.553529 0.595812 0.308014 0.036802
0 0.554725 0.630711 0.310407 0.030457
0 0.553828 0.664975 0.308612 0.038071
0 0.554127 0.700508 0.308014 0.032995
0 0.555323 0.733503 0.309211 0.030457
0 0.554725 0.763959 0.306818 0.032995
0 0.554426 0.801396 0.307416 0.041878
0 0.555622 0.836294 0.309809 0.027919
0 0.555323 0.869289 0.310407 0.038071
0 0.555024 0.907995 0.309809 0.039340
0 0.555024 0.944162 0.309809 0.032995
0 0.552333 0.974619 0.305622 0.027919
8 0.798445 0.329315 0.203349 0.069797
0 0.793361 0.309645 0.146531 0.038071
0 0.793959 0.343909 0.145335 0.030457