22 0.889952 0.022843 0.021531 0.032995
32 0.834928 0.024112 0.021531 0.022843
20 0.505383 0.496193 0.828947 0.992386
0 0.178230 0.071701 0.156699 0.021574
0 0.177033 0.095178 0.159091 0.025381
0 0.177033 0.116751 0.159091 0.020305
0 0.178529 0.140228 0.159689 0.026650
0 0.178529 0.164340 0.159689 0.021574
0 0.178828 0.185279 0.160287 0.020305
0 0.179426 0.206218 0.159091 0.021574
0 0.178529 0.229061 0.159689 0.019036
0 0.178529 0.250000 0.159689 0.022843
0 0.178230 0.270939 0.159091 0.019036
0 0.179127 0.292513 0.157297 0.024112
0 0.178828 0.316624 0.156699 0.024112
0 0.178230 0.337563 0.157895 0.017766
0 0.178828 0.357868 0.159091 0.022843
0 0.178828 0.380076 0.159091 0.021574
4 0.735347 0.084391 0.019737 0.029188
4 0.736842 0.120558 0.025120 0.032995
4 0.573864 0.086294 0.018541 0.025381
4 0.576854 0.118655 0.023325 0.029188
4 0.436902 0.086294 0.019737 0.027919
4 0.436005 0.118655 0.017943 0.024112
4 0.436603 0.152919 0.022727 0.026650
4 0.434510 0.182741 0.019737 0.022843
4 0.784988 0.526015 0.018541 0.016497
4 0.785586 0.561548 0.016148 0.024112
4 0.440789 0.491751 0.019139 0.029188
4 0.441388 0.536802 0.019139 0.035533
4 0.443780 0.576142 0.016746 0.027919
4 0.442584 0.622462 0.017943 0.029188
4 0.441687 0.664340 0.018541 0.026650
4 0.442285 0.709391 0.018541 0.032995
4 0.441089 0.752538 0.018541 0.038071
0 0.824761 0.329949 0.100478 0.032995
0 0.822667 0.365482 0.102273 0.032995
0 0.665969 0.236675 0.462321 0.046954
0 0.749402 0.481599 0.016746 0.021574
0 0.750000 0.774746 0.016746 0.019036
0 0.892943 0.812817 0.016746 0.024112
0 0.823864 0.901650 0.102273 0.026650
19 0.447368 0.881980 0.032297 0.068528
19 0.491029 0.881980 0.040670 0.055838
19 0.546651 0.878173 0.040670 0.050761
19 0.609450 0.873096 0.038278 0.035533
19 0.675837 0.869924 0.028708 0.039340
19 0.734749 0.875000 0.032895 0.049492
0 0.438397 0.967640 0.019139 0.026650
0 0.749402 0.967005 0.016746 0.022843
9 0.750000 0.626904 0.017943 0.307107
9 0.750299 0.515228 0.014952 0.045685
9 0.591208 0.963832 0.330742 0.029188
9 0.593301 0.966371 0.284689 0.024112
5 0.667165 0.817259 0.475478 0.048223
0 0.019438 0.064721 0.025718 0.027919
0 0.057416 0.065990 0.029904 0.027919
19 0.035885 0.111041 0.034689 0.044416
19 0.074163 0.110406 0.032297 0.045685
19 0.961124 0.107234 0.034689 0.046954