19 0.022727 0.223350 0.028708 0.040609
19 0.022428 0.275381 0.028110 0.040609
19 0.021830 0.312183 0.032895 0.035533
19 0.023026 0.352157 0.026914 0.034264
19 0.022727 0.390863 0.027512 0.043147
19 0.020335 0.432741 0.022727 0.040609
19 0.018840 0.475254 0.025718 0.044416
19 0.020335 0.517132 0.028708 0.039340
19 0.020634 0.563452 0.029306 0.050761
19 0.020036 0.612944 0.028110 0.048223
19 0.021531 0.665609 0.025120 0.057107
19 0.020933 0.713832 0.023923 0.039340
19 0.020634 0.750000 0.024522 0.032995
19 0.019737 0.787437 0.022727 0.041878
19 0.248804 0.113579 0.028708 0.046954
19 0.287081 0.114213 0.029904 0.045685
19 0.328648 0.114848 0.030502 0.039340
19 0.385167 0.111041 0.031100 0.041878
19 0.530801 0.112310 0.023325 0.039340
19 0.979665 0.172589 0.020335 0.032995
28 0.035885 0.111675 0.026316 0.038071
24 0.073565 0.114848 0.023923 0.041878
23 0.114833 0.111041 0.040670 0.044416
26 0.176734 0.109772 0.026914 0.044416
25 0.212620 0.114213 0.024522 0.032995
0 0.500897 0.113579 0.011364 0.024112
0 0.630383 0.108503 0.016746 0.034264
5 0.459031 0.114213 0.105861 0.038071
5 0.596591 0.111675 0.089115 0.030457
22 0.969797 0.022208 0.025718 0.034264
32 0.915072 0.029188 0.025120 0.038071
0 0.050538 0.977157 0.096292 0.038071
0 0.157596 0.975254 0.091507 0.034264
0 0.264055 0.976523 0.093900 0.031726
0 0.414175 0.168782 0.017344 0.022843
19 0.918959 0.164340 0.020933 0.026650
19 0.951854 0.168782 0.017344 0.022843
5 0.262560 0.169416 0.324163 0.031726