19 0.021830 0.218274 0.024522 0.022843
19 0.022129 0.262690 0.023923 0.035533
19 0.018840 0.300127 0.022129 0.026650
19 0.021830 0.352792 0.023325 0.022843
19 0.021830 0.393401 0.017344 0.025381
19 0.020335 0.437183 0.017943 0.026650
19 0.022129 0.471447 0.017943 0.034264
19 0.022727 0.514594 0.014354 0.029188
19 0.020933 0.603426 0.021531 0.024112
19 0.020335 0.553299 0.020335 0.030457
19 0.019438 0.654188 0.016148 0.026650
19 0.023026 0.693528 0.025718 0.029188
19 0.019737 0.736675 0.022727 0.026650
19 0.020036 0.777284 0.020933 0.024112
19 0.020036 0.814086 0.019737 0.029188
19 0.021232 0.853426 0.022129 0.029188
0 0.025419 0.064721 0.034091 0.027919
0 0.064892 0.067893 0.038876 0.029188
0 0.111842 0.067259 0.045455 0.027919
0 0.162679 0.067259 0.055024 0.027919
0 0.215012 0.065355 0.054426 0.026650
0 0.273325 0.069797 0.064593 0.027919
0 0.353768 0.069162 0.091507 0.026650
0 0.425538 0.070431 0.059211 0.026650
0 0.480263 0.069162 0.053828 0.029188
0 0.538577 0.069797 0.068780 0.030457
0 0.596890 0.067893 0.052632 0.034264
0 0.049342 0.979061 0.085526 0.031726
22 0.968600 0.031726 0.030502 0.035533
32 0.916268 0.022843 0.037081 0.032995
0 0.123804 0.222081 0.147129 0.032995
0 0.123206 0.260152 0.148325 0.043147
0 0.119617 0.296320 0.141148 0.029188
0 0.119617 0.335660 0.141148 0.049492
0 0.119916 0.375635 0.141746 0.030457
0 0.122608 0.409264 0.136364 0.036802
0 0.123206 0.445431 0.137560 0.035533
35 0.113636 0.339467 0.215311 0.275381
19 0.248804 0.114213 0.021531 0.043147
19 0.289773 0.114848 0.023325 0.044416
19 0.328349 0.114848 0.027512 0.044416
19 0.384270 0.116751 0.025718 0.048223
19 0.531100 0.112944 0.022727 0.035533
19 0.916268 0.168782 0.025120 0.032995
19 0.948565 0.168782 0.021531 0.025381
19 0.978469 0.168782 0.020335 0.032995
0 0.156100 0.977157 0.098086 0.035533
0 0.262560 0.975888 0.094498 0.035533
0 0.500598 0.111675 0.015550 0.022843
5 0.458433 0.111041 0.105861 0.031726
28 0.036483 0.112944 0.023923 0.035533
24 0.072667 0.112310 0.032895 0.044416
23 0.112440 0.112944 0.028708 0.035533
25 0.209928 0.112310 0.021531 0.039340
26 0.171053 0.115482 0.022727 0.038071
0 0.629785 0.111675 0.011962 0.025381
5 0.597189 0.114213 0.085526 0.032995