19 0.022727 0.223350 0.028708 0.040609
19 0.022428 0.275381 0.028110 0.040609
19 0.021830 0.312183 0.032895 0.035533
19 0.023026 0.352157 0.026914 0.034264
19 0.022727 0.390863 0.027512 0.043147
19 0.020335 0.432741 0.022727 0.040609
19 0.018840 0.475254 0.025718 0.044416
19 0.020335 0.517132 0.028708 0.039340
19 0.020634 0.563452 0.029306 0.050761
19 0.020036 0.612944 0.028110 0.048223
19 0.021531 0.665609 0.025120 0.057107
19 0.020933 0.713832 0.023923 0.039340
19 0.020634 0.750000 0.024522 0.032995
19 0.019737 0.787437 0.022727 0.041878
19 0.248804 0.113579 0.028708 0.046954
19 0.287081 0.114213 0.029904 0.045685
19 0.328648 0.114848 0.030502 0.039340
19 0.385167 0.111041 0.031100 0.041878
19 0.530801 0.112310 0.023325 0.039340
19 0.979665 0.172589 0.020335 0.032995
0 0.254785 0.944797 0.022727 0.024112
28 0.035885 0.111675 0.026316 0.038071
24 0.073565 0.114848 0.023923 0.041878
23 0.114833 0.111041 0.040670 0.044416
26 0.176734 0.109772 0.026914 0.044416
25 0.212620 0.114213 0.024522 0.032995
0 0.500897 0.113579 0.011364 0.024112
0 0.630383 0.108503 0.016746 0.034264
5 0.459031 0.114213 0.105861 0.038071
5 0.596591 0.111675 0.089115 0.030457
22 0.969797 0.022208 0.025718 0.034264
32 0.915072 0.029188 0.025120 0.038071
20 0.498505 0.498731 0.593900 0.710660
22 0.768541 0.171320 0.019139 0.032995
0 0.772129 0.617386 0.019139 0.016497
0 0.771830 0.635787 0.019737 0.020305
0 0.770933 0.665609 0.016746 0.016497
0 0.770933 0.683376 0.016746 0.019036
0 0.765849 0.722716 0.013756 0.013959
0 0.767943 0.768401 0.017943 0.026650
3 0.294856 0.279188 0.123206 0.048223
3 0.420455 0.278553 0.127990 0.049492
3 0.418361 0.327411 0.132177 0.045685
3 0.295156 0.333756 0.126196 0.040609
3 0.633971 0.630711 0.257177 0.030457
3 0.631878 0.680203 0.257775 0.035533
5 0.639952 0.724619 0.275120 0.040609
5 0.641148 0.773477 0.276316 0.036802
0 0.622010 0.815990 0.095694 0.032995
0 0.730861 0.817893 0.098086 0.031726
6 0.770933 0.627538 0.017943 0.039340
6 0.770634 0.670051 0.018541 0.045685
14 0.352273 0.288071 0.270335 0.134518
29 0.708134 0.169416 0.020335 0.026650