29 0.914175 0.024746 0.017344 0.031726
22 0.969498 0.025381 0.019139 0.027919
0 0.975478 0.084391 0.020335 0.024112
0 0.975179 0.905457 0.018541 0.021574
0 0.956639 0.927665 0.014952 0.027919
0 0.144139 0.924492 0.019139 0.021574
9 0.974880 0.494289 0.019139 0.793147
9 0.974282 0.503807 0.020335 0.703046
9 0.551136 0.925127 0.796053 0.022843
9 0.547249 0.925761 0.736842 0.021574
2 0.154306 0.103426 0.022727 0.021574
2 0.154306 0.145305 0.020335 0.026650
2 0.153708 0.185279 0.019139 0.022843
2 0.153708 0.229061 0.019139 0.029188
2 0.154007 0.268401 0.024522 0.024112
2 0.152811 0.309010 0.022129 0.029188
2 0.153110 0.352157 0.022727 0.029188
2 0.152811 0.392766 0.022129 0.029188
2 0.153409 0.434645 0.019737 0.024112
2 0.152512 0.491751 0.022727 0.029188
2 0.574163 0.103426 0.022727 0.029188
2 0.572967 0.145939 0.023923 0.025381
2 0.573864 0.183376 0.023325 0.031726
2 0.573864 0.227792 0.023325 0.031726
0 0.912978 0.633883 0.095096 0.039340
0 0.933014 0.972081 0.099282 0.038071
0 0.826854 0.972716 0.101077 0.034264
19 0.072667 0.144670 0.087919 0.129442
19 0.072069 0.293782 0.089115 0.140863
19 0.072069 0.440355 0.089115 0.129442
19 0.071770 0.593909 0.089713 0.142132
20 0.500000 0.493020 0.989234 0.980964
4 0.152512 0.697335 0.020335 0.039340