19 0.916567 0.172589 0.020933 0.027919
19 0.947368 0.171954 0.022727 0.026650
19 0.983254 0.171320 0.021531 0.032995
19 0.023325 0.169416 0.025120 0.039340
19 0.052632 0.168782 0.023923 0.035533
19 0.082536 0.170051 0.016746 0.035533
23 0.113038 0.117386 0.028708 0.036802
24 0.074761 0.115482 0.032297 0.048223
28 0.035287 0.111675 0.025120 0.045685
19 0.021830 0.218274 0.024522 0.022843
19 0.022129 0.262690 0.023923 0.035533
19 0.018840 0.300127 0.022129 0.026650
19 0.021830 0.352792 0.023325 0.022843
19 0.021830 0.393401 0.017344 0.025381
19 0.020335 0.437183 0.017943 0.026650
19 0.022129 0.471447 0.017943 0.034264
19 0.022727 0.514594 0.014354 0.029188
19 0.020933 0.603426 0.021531 0.024112
19 0.020335 0.553299 0.020335 0.030457
19 0.019438 0.654188 0.016148 0.026650
19 0.023026 0.693528 0.025718 0.029188
19 0.019737 0.736675 0.022727 0.026650
19 0.020036 0.777284 0.020933 0.024112
19 0.020036 0.814086 0.019737 0.029188
19 0.021232 0.853426 0.022129 0.029188
0 0.025419 0.064721 0.034091 0.027919
0 0.064892 0.067893 0.038876 0.029188
0 0.111842 0.067259 0.045455 0.027919
0 0.162679 0.067259 0.055024 0.027919
0 0.215012 0.065355 0.054426 0.026650
0 0.273325 0.069797 0.064593 0.027919
0 0.353768 0.069162 0.091507 0.026650
0 0.425538 0.070431 0.059211 0.026650
0 0.480263 0.069162 0.053828 0.029188
0 0.538577 0.069797 0.068780 0.030457
0 0.596890 0.067893 0.052632 0.034264
0 0.049342 0.979061 0.085526 0.031726
22 0.968600 0.031726 0.030502 0.035533
32 0.916268 0.022843 0.037081 0.032995
7 0.641797 0.260135 0.378906 0.425676
0 0.638672 0.104054 0.347656 0.035135
0 0.641797 0.140541 0.341406 0.035135
25 0.213816 0.111675 0.025718 0.035533
26 0.171651 0.113579 0.026316 0.039340
19 0.249103 0.112310 0.024522 0.044416
19 0.285287 0.115482 0.021531 0.043147
19 0.323266 0.116117 0.026914 0.034264
19 0.382177 0.109137 0.022727 0.032995
0 0.155203 0.975254 0.098684 0.034264
0 0.263457 0.976523 0.095096 0.031726