6 0.850478 0.251269 0.023923 0.040609
0 0.850778 0.243020 0.017344 0.016497
0 0.851376 0.257614 0.016148 0.012690
3 0.640550 0.251269 0.392344 0.030457
0 0.572368 0.481599 0.016746 0.016497
0 0.571770 0.496827 0.017943 0.013959
6 0.570275 0.484137 0.024522 0.029188
3 0.524522 0.486041 0.068182 0.025381
22 0.868720 0.026650 0.023325 0.025381
29 0.811304 0.024112 0.014952 0.030457
20 0.449163 0.439086 0.894737 0.865482
0 0.737141 0.826777 0.087919 0.031726
0 0.838218 0.829315 0.091507 0.034264
19 0.074761 0.095812 0.114833 0.057107
19 0.073864 0.157995 0.116627 0.067259
19 0.073266 0.222716 0.115431 0.062183
19 0.072967 0.284898 0.116029 0.064721
19 0.070873 0.345178 0.111842 0.055838
19 0.100179 0.403553 0.168062 0.063452
19 0.078050 0.463832 0.121411 0.057107
19 0.107057 0.520305 0.179426 0.060914
19 0.107356 0.579949 0.178828 0.058376
19 0.105861 0.638959 0.175837 0.059645
19 0.105861 0.703680 0.175837 0.069797
3 0.136364 0.775381 0.248804 0.032995
0 0.851974 0.119924 0.018541 0.031726
0 0.852572 0.292513 0.018541 0.026650
5 0.651914 0.293782 0.419856 0.039340
0 0.853170 0.486041 0.019737 0.027919
5 0.825957 0.487310 0.075359 0.035533
0 0.638457 0.532995 0.087919 0.032995
5 0.653110 0.165609 0.419856 0.115482
0 0.492524 0.150381 0.101077 0.013959
0 0.494617 0.170051 0.096890 0.025381
0 0.494318 0.192259 0.096292 0.019036
0 0.494019 0.211294 0.096890 0.019036
4 0.302931 0.386421 0.014952 0.029188
4 0.305024 0.481599 0.015550 0.029188
4 0.020335 0.825508 0.019139 0.021574