22 0.868720 0.026650 0.023325 0.025381
29 0.811304 0.024112 0.014952 0.030457
0 0.737141 0.826777 0.087919 0.031726
0 0.838218 0.829315 0.091507 0.034264
19 0.074761 0.095812 0.114833 0.057107
19 0.073864 0.157995 0.116627 0.067259
19 0.073266 0.222716 0.115431 0.062183
19 0.072967 0.284898 0.116029 0.064721
19 0.070873 0.345178 0.111842 0.055838
19 0.100179 0.403553 0.168062 0.063452
19 0.078050 0.463832 0.121411 0.057107
19 0.107057 0.520305 0.179426 0.060914
19 0.107356 0.579949 0.178828 0.058376
19 0.105861 0.638959 0.175837 0.059645
19 0.105861 0.703680 0.175837 0.069797
3 0.136364 0.775381 0.248804 0.032995
0 0.873804 0.773477 0.021531 0.029188
0 0.294856 0.774746 0.020335 0.026650
9 0.584629 0.778553 0.601077 0.034264
9 0.388457 0.779188 0.159689 0.035533
0 0.546053 0.232868 0.019139 0.029188
20 0.450359 0.435279 0.893541 0.862944
4 0.303529 0.115482 0.019737 0.030457
4 0.302931 0.156091 0.017344 0.040609
4 0.306519 0.189721 0.019737 0.021574
4 0.299043 0.324873 0.017943 0.025381
4 0.298445 0.350888 0.019139 0.026650
4 0.299043 0.376904 0.020335 0.025381
4 0.299342 0.402284 0.019737 0.025381
4 0.299342 0.426396 0.019737 0.022843
4 0.299043 0.452411 0.020335 0.029188
4 0.298445 0.479061 0.019139 0.024112
4 0.298445 0.505076 0.019139 0.027919
4 0.298445 0.530457 0.019139 0.022843
4 0.299342 0.554569 0.017344 0.025381
4 0.299043 0.579949 0.016746 0.025381
4 0.300239 0.605964 0.015550 0.029188