0 0.020036 0.069797 0.034091 0.032995
0 0.063397 0.066624 0.045455 0.024112
0 0.111842 0.066624 0.049043 0.021574
0 0.163577 0.065990 0.052033 0.025381
0 0.217703 0.067259 0.050239 0.022843
0 0.266148 0.066624 0.045455 0.029188
0 0.324462 0.065990 0.074761 0.025381
0 0.409091 0.067893 0.093301 0.029188
0 0.484749 0.069797 0.058014 0.022843
0 0.537081 0.065355 0.051435 0.034264
0 0.598086 0.065355 0.070574 0.024112
0 0.654007 0.064721 0.047249 0.027919
22 0.971591 0.022843 0.029306 0.040609
32 0.914175 0.026015 0.031699 0.039340
19 0.018242 0.203046 0.029306 0.035533
19 0.017943 0.236675 0.031100 0.031726
19 0.017644 0.270939 0.031699 0.034264
19 0.017943 0.308376 0.031100 0.040609
19 0.017045 0.348350 0.029306 0.039340
19 0.016148 0.385152 0.031100 0.034264
19 0.015849 0.424492 0.030502 0.044416
19 0.017344 0.464467 0.027512 0.035533
19 0.016447 0.497462 0.025718 0.030457
19 0.017045 0.527919 0.024522 0.030457
19 0.016447 0.561548 0.023325 0.036802
19 0.966806 0.112310 0.026914 0.039340
19 0.900120 0.109137 0.035885 0.040609
0 0.992225 0.112310 0.014354 0.031726
0 0.928230 0.109137 0.011962 0.030457
0 0.852572 0.106599 0.024522 0.025381
35 0.908194 0.107868 0.054426 0.050761
35 0.969797 0.109772 0.054426 0.052030
28 0.030502 0.106599 0.035885 0.040609
0 0.070275 0.109772 0.031699 0.049492
22 0.140550 0.110406 0.033493 0.048223
19 0.261364 0.106599 0.038278 0.035533
7 0.677632 0.413071 0.332536 0.732234
0 0.679725 0.098350 0.312799 0.034264
0 0.680024 0.134518 0.312201 0.038071
0 0.678828 0.173223 0.309809 0.039340
0 0.678230 0.211294 0.311005 0.036802
0 0.678529 0.248731 0.311603 0.038071
0 0.677632 0.286802 0.313397 0.038071
0 0.677333 0.327411 0.312799 0.043147
0 0.678529 0.371827 0.310407 0.045685
0 0.678230 0.413706 0.309809 0.038071
0 0.678529 0.453046 0.309211 0.040609
0 0.677033 0.493655 0.306220 0.040609
0 0.676734 0.534264 0.308014 0.040609
0 0.676435 0.573604 0.307416 0.038071
0 0.677931 0.614848 0.304426 0.044416
0 0.677931 0.658629 0.304426 0.043147
0 0.676734 0.697970 0.304426 0.035533
0 0.675837 0.748731 0.305024 0.045685
8 0.904605 0.860406 0.180024 0.266497
0 0.918959 0.751269 0.146531 0.035533
0 0.918062 0.788706 0.148325 0.039340
0 0.917464 0.826777 0.147129 0.036802
0 0.918361 0.864848 0.145335 0.039340
0 0.916268 0.901015 0.141148 0.032995
0 0.917464 0.934010 0.138756 0.032995
0 0.917464 0.969543 0.138756 0.038071
19 0.017344 0.973350 0.029904 0.048223
19 0.053529 0.968909 0.034091 0.046954
19 0.299043 0.108503 0.023923 0.036802
19 0.333433 0.105330 0.030502 0.038071
19 0.387859 0.110406 0.030502 0.035533
19 0.421651 0.107868 0.028708 0.032995
19 0.492524 0.110406 0.029306 0.035533
19 0.368421 0.240482 0.023923 0.036802
19 0.368122 0.279188 0.024522 0.040609
19 0.367524 0.315990 0.023325 0.032995
19 0.366328 0.350888 0.023325 0.034264
19 0.365431 0.386421 0.021531 0.036802
19 0.365132 0.425127 0.022129 0.040609
19 0.365132 0.469543 0.022129 0.048223
19 0.366029 0.514594 0.022727 0.039340