22 0.868720 0.026650 0.023325 0.025381
29 0.811304 0.024112 0.014952 0.030457
0 0.737141 0.826777 0.087919 0.031726
0 0.838218 0.829315 0.091507 0.034264
19 0.074761 0.095812 0.114833 0.057107
19 0.073864 0.157995 0.116627 0.067259
19 0.073266 0.222716 0.115431 0.062183
19 0.072967 0.284898 0.116029 0.064721
19 0.070873 0.345178 0.111842 0.055838
19 0.100179 0.403553 0.168062 0.063452
19 0.078050 0.463832 0.121411 0.057107
19 0.107057 0.520305 0.179426 0.060914
19 0.107356 0.579949 0.178828 0.058376
19 0.105861 0.638959 0.175837 0.059645
19 0.105861 0.703680 0.175837 0.069797
3 0.136364 0.775381 0.248804 0.032995
3 0.642045 0.201142 0.136962 0.031726
3 0.642344 0.235406 0.136364 0.034264
3 0.642045 0.269036 0.135766 0.032995
3 0.642344 0.301396 0.135167 0.031726
3 0.642045 0.334391 0.134569 0.034264
3 0.642943 0.369289 0.132775 0.035533
3 0.644139 0.407995 0.135167 0.041878
3 0.643242 0.442259 0.136962 0.026650
3 0.644139 0.477157 0.132775 0.027919
3 0.642045 0.513325 0.136962 0.044416
3 0.640849 0.548223 0.134569 0.025381
0 0.860347 0.123731 0.019737 0.024112
0 0.862440 0.723350 0.016746 0.027919
0 0.849581 0.755076 0.042464 0.035533
0 0.308313 0.761421 0.017344 0.017766
9 0.861543 0.421320 0.016148 0.626904
9 0.584031 0.755076 0.571172 0.040609
9 0.651316 0.760152 0.350478 0.027919
9 0.860646 0.191624 0.015550 0.101523
20 0.450359 0.437817 0.893541 0.870558
6 0.788577 0.196066 0.017344 0.031726
6 0.789175 0.226523 0.016148 0.029188
6 0.789773 0.263959 0.017344 0.045685
6 0.790670 0.303934 0.015550 0.034264
6 0.788876 0.341371 0.016746 0.027919
6 0.789175 0.373096 0.016148 0.035533
6 0.789175 0.405457 0.016148 0.029188
0 0.787380 0.192893 0.016148 0.012690
0 0.788278 0.205584 0.014354 0.012690
0 0.788876 0.224619 0.013158 0.010152
0 0.789175 0.239848 0.011364 0.010152
0 0.789474 0.253173 0.010766 0.016497
0 0.787679 0.300127 0.011962 0.011421