22 0.868720 0.026650 0.023325 0.025381
29 0.811304 0.024112 0.014952 0.030457
20 0.449163 0.439086 0.894737 0.865482
0 0.737141 0.826777 0.087919 0.031726
0 0.838218 0.829315 0.091507 0.034264
19 0.074761 0.095812 0.114833 0.057107
19 0.073864 0.157995 0.116627 0.067259
19 0.073266 0.222716 0.115431 0.062183
19 0.072967 0.284898 0.116029 0.064721
19 0.070873 0.345178 0.111842 0.055838
19 0.100179 0.403553 0.168062 0.063452
19 0.078050 0.463832 0.121411 0.057107
19 0.107057 0.520305 0.179426 0.060914
19 0.107356 0.579949 0.178828 0.058376
19 0.105861 0.638959 0.175837 0.059645
19 0.105861 0.703680 0.175837 0.069797
3 0.136364 0.775381 0.248804 0.032995
19 0.822368 0.140228 0.032297 0.039340
19 0.822667 0.463832 0.032895 0.031726
19 0.823266 0.727792 0.031699 0.039340
26 0.822667 0.599619 0.030502 0.034264
17 0.810407 0.233503 0.074163 0.027919
17 0.721292 0.233503 0.070574 0.027919
0 0.389055 0.233503 0.125000 0.032995
0 0.874701 0.742386 0.017344 0.020305
0 0.873505 0.081853 0.016148 0.024112
0 0.864533 0.778553 0.042464 0.026650
0 0.296950 0.779822 0.022129 0.026650
9 0.875598 0.416878 0.021531 0.689086
9 0.876196 0.369289 0.020335 0.540609
9 0.584629 0.777284 0.601077 0.029188
9 0.635467 0.777284 0.419258 0.024112
0 0.830144 0.185914 0.020335 0.021574
0 0.785287 0.279822 0.029904 0.034264
5 0.584031 0.186548 0.512560 0.030457
3 0.562799 0.138959 0.471292 0.029188
3 0.549043 0.463198 0.498804 0.032995
34 0.560407 0.282995 0.479665 0.043147