22 0.786184 0.092640 0.032895 0.038071
20 0.498804 0.496193 0.632775 0.850254
29 0.739533 0.100888 0.029306 0.041878
12 0.254187 0.159264 0.110048 0.034264
12 0.352273 0.163071 0.080144 0.029188
13 0.297847 0.158629 0.202153 0.048223
0 0.659091 0.883883 0.090909 0.031726
0 0.759569 0.885152 0.090909 0.044416
19 0.017943 0.202411 0.025120 0.039340
19 0.017045 0.241117 0.026914 0.038071
19 0.018242 0.279822 0.029306 0.039340
19 0.017943 0.317893 0.029904 0.036802
19 0.016447 0.354061 0.026914 0.035533
19 0.016447 0.387690 0.026914 0.031726
19 0.016447 0.421320 0.026914 0.035533
19 0.017045 0.458122 0.025718 0.038071
19 0.017644 0.494924 0.026914 0.035533
19 0.017943 0.532995 0.026316 0.040609
19 0.016746 0.568528 0.023923 0.027919
19 0.017943 0.975888 0.027512 0.038071
19 0.055921 0.974619 0.029306 0.038071
19 0.898624 0.104061 0.028110 0.038071
23 0.101376 0.108503 0.029306 0.044416
24 0.066089 0.111041 0.035287 0.044416
28 0.030801 0.104695 0.026914 0.052030
34 0.689892 0.512690 0.181220 0.030457
34 0.690789 0.559010 0.178230 0.036802
34 0.687500 0.660533 0.175239 0.031726
34 0.689294 0.710025 0.178828 0.021574
34 0.688098 0.743020 0.176435 0.044416
34 0.688696 0.795051 0.180024 0.021574
0 0.767644 0.517766 0.019737 0.035533
0 0.769139 0.562183 0.019139 0.030457
0 0.767943 0.661168 0.017943 0.022843
0 0.768840 0.701142 0.019737 0.029188
0 0.769139 0.746193 0.017943 0.020305
0 0.768541 0.789975 0.020335 0.034264
3 0.491029 0.511421 0.161483 0.035533
3 0.489533 0.557741 0.159689 0.036802
3 0.490431 0.659898 0.160287 0.035533
3 0.489833 0.701777 0.159091 0.035533
3 0.488636 0.750635 0.160287 0.036802
3 0.489833 0.789975 0.156699 0.026650
0 0.578947 0.517766 0.021531 0.017766
0 0.579545 0.550127 0.013158 0.013959
0 0.580144 0.565355 0.015550 0.013959
0 0.580443 0.651650 0.016148 0.019036
0 0.579844 0.668147 0.017344 0.011421
0 0.578947 0.696701 0.017943 0.012690
0 0.579844 0.708756 0.016148 0.011421
0 0.580443 0.739848 0.017344 0.015228
0 0.580144 0.753173 0.017943 0.011421
0 0.579246 0.796954 0.014952 0.010152
0 0.580144 0.786802 0.014354 0.012690
6 0.578349 0.511421 0.022727 0.045685
6 0.580742 0.554569 0.019139 0.032995
6 0.579844 0.654822 0.018541 0.032995
6 0.578050 0.694797 0.023325 0.044416
6 0.578648 0.748096 0.024522 0.041878
6 0.580443 0.796320 0.024522 0.031726