6 0.860048 0.164340 0.019139 0.034264
0 0.861543 0.157995 0.013756 0.013959
0 0.860646 0.172589 0.015550 0.015228
3 0.631280 0.163706 0.432416 0.030457
22 0.868720 0.026650 0.023325 0.025381
29 0.811304 0.024112 0.014952 0.030457
20 0.449163 0.439086 0.894737 0.865482
0 0.737141 0.826777 0.087919 0.031726
0 0.838218 0.829315 0.091507 0.034264
19 0.074761 0.095812 0.114833 0.057107
19 0.073864 0.157995 0.116627 0.067259
19 0.073266 0.222716 0.115431 0.062183
19 0.072967 0.284898 0.116029 0.064721
19 0.070873 0.345178 0.111842 0.055838
19 0.100179 0.403553 0.168062 0.063452
19 0.078050 0.463832 0.121411 0.057107
19 0.107057 0.520305 0.179426 0.060914
19 0.107356 0.579949 0.178828 0.058376
19 0.105861 0.638959 0.175837 0.059645
19 0.105861 0.703680 0.175837 0.069797
3 0.136364 0.775381 0.248804 0.032995
0 0.628888 0.118020 0.018541 0.027919
0 0.861244 0.447970 0.021531 0.032995
5 0.528409 0.119924 0.229067 0.029188
5 0.531998 0.316624 0.225478 0.260152
5 0.470096 0.493020 0.106459 0.039340
0 0.629187 0.206218 0.017943 0.024112
0 0.629785 0.237944 0.017943 0.039340
0 0.629785 0.425761 0.020335 0.031726
0 0.513158 0.491751 0.015550 0.024112
9 0.630383 0.330584 0.023923 0.217005
9 0.629486 0.270939 0.017344 0.031726
4 0.656699 0.117386 0.017943 0.026650
4 0.654007 0.250000 0.014952 0.027919
4 0.657297 0.329949 0.017943 0.040609
4 0.657297 0.367386 0.017943 0.021574
4 0.656699 0.407995 0.017943 0.021574
4 0.303230 0.548858 0.014354 0.019036
4 0.434510 0.548858 0.018541 0.024112
4 0.508373 0.548223 0.020335 0.027919
4 0.582536 0.548858 0.015550 0.024112
4 0.655203 0.547589 0.016148 0.029188
4 0.729665 0.548223 0.016746 0.030457
4 0.802333 0.552030 0.017344 0.027919