0 0.253589 0.173223 0.020335 0.031726
0 0.253589 0.203680 0.021531 0.031726
0 0.252691 0.393401 0.019737 0.020305
0 0.252990 0.746827 0.021531 0.021574
0 0.852572 0.866117 0.091507 0.036802
0 0.953947 0.868020 0.089713 0.032995
0 0.989234 0.171954 0.020335 0.024112
0 0.988337 0.820431 0.018541 0.031726
9 0.988038 0.498096 0.020335 0.676396
9 0.987440 0.330584 0.017943 0.295685
22 0.984151 0.107234 0.023325 0.031726
29 0.929127 0.112310 0.018541 0.036802
9 0.253289 0.302030 0.022129 0.220812
9 0.254187 0.247462 0.021531 0.053299
5 0.207536 0.284898 0.116029 0.260152
20 0.501495 0.541244 0.993421 0.912437
4 0.019139 0.566624 0.021531 0.026650
4 0.019737 0.784898 0.017943 0.021574
4 0.019139 0.825508 0.017943 0.021574