0 0.020036 0.069797 0.034091 0.032995
0 0.063397 0.066624 0.045455 0.024112
0 0.111842 0.066624 0.049043 0.021574
0 0.163577 0.065990 0.052033 0.025381
0 0.217703 0.067259 0.050239 0.022843
0 0.266148 0.066624 0.045455 0.029188
0 0.324462 0.065990 0.074761 0.025381
0 0.409091 0.067893 0.093301 0.029188
0 0.484749 0.069797 0.058014 0.022843
0 0.537081 0.065355 0.051435 0.034264
0 0.598086 0.065355 0.070574 0.024112
0 0.654007 0.064721 0.047249 0.027919
22 0.971591 0.022843 0.029306 0.040609
32 0.914175 0.026015 0.031699 0.039340
19 0.018242 0.203046 0.029306 0.035533
19 0.017943 0.236675 0.031100 0.031726
19 0.017644 0.270939 0.031699 0.034264
19 0.017943 0.308376 0.031100 0.040609
19 0.017045 0.348350 0.029306 0.039340
19 0.016148 0.385152 0.031100 0.034264
19 0.015849 0.424492 0.030502 0.044416
19 0.017344 0.464467 0.027512 0.035533
19 0.016447 0.497462 0.025718 0.030457
19 0.017045 0.527919 0.024522 0.030457
19 0.966806 0.112310 0.026914 0.039340
19 0.900120 0.109137 0.035885 0.040609
0 0.992225 0.112310 0.014354 0.031726
0 0.928230 0.109137 0.011962 0.030457
0 0.852572 0.106599 0.024522 0.025381
0 0.704844 0.110406 0.013756 0.025381
0 0.624402 0.108503 0.015550 0.024112
5 0.797249 0.109137 0.142344 0.048223
35 0.908194 0.107868 0.054426 0.050761
35 0.969797 0.109772 0.054426 0.052030
5 0.681220 0.112310 0.069378 0.031726
5 0.602871 0.112310 0.063397 0.034264
12 0.468600 0.558376 0.053230 0.027919
12 0.531998 0.557107 0.078349 0.032995
12 0.631878 0.560279 0.121411 0.036802
22 0.982955 0.554569 0.026914 0.043147
0 0.711722 0.977792 0.011962 0.031726
0 0.625299 0.976523 0.014952 0.026650
0 0.751495 0.975254 0.048445 0.029188
0 0.813995 0.978426 0.071770 0.025381
19 0.872907 0.975888 0.031699 0.043147
19 0.915969 0.973985 0.041268 0.029188
19 0.957835 0.972081 0.035287 0.045685
19 0.547249 0.972716 0.025120 0.031726
19 0.015550 0.565355 0.028708 0.034264
19 0.019737 0.973350 0.026316 0.045685
19 0.054127 0.977792 0.034091 0.041878
22 0.138158 0.109772 0.034689 0.046954
23 0.102273 0.111041 0.031100 0.036802
24 0.069378 0.105330 0.033493 0.050761
28 0.030203 0.109772 0.035287 0.034264
12 0.398923 0.552030 0.075359 0.032995
13 0.674342 0.555838 0.645335 0.053299
0 0.425837 0.100888 0.252392 0.026650
0 0.422548 0.137690 0.258971 0.046954
0 0.422548 0.180838 0.258971 0.039340
0 0.424940 0.220812 0.254187 0.040609
0 0.427033 0.258883 0.258373 0.035533
0 0.426734 0.296320 0.258971 0.039340
0 0.426435 0.335025 0.258373 0.038071
0 0.424641 0.374365 0.261962 0.040609
7 0.427632 0.229695 0.267943 0.350254