22 0.868720 0.026650 0.023325 0.025381
29 0.811304 0.024112 0.014952 0.030457
20 0.449163 0.439086 0.894737 0.865482
0 0.737141 0.826777 0.087919 0.031726
0 0.838218 0.829315 0.091507 0.034264
19 0.074761 0.095812 0.114833 0.057107
19 0.073864 0.157995 0.116627 0.067259
19 0.073266 0.222716 0.115431 0.062183
19 0.072967 0.284898 0.116029 0.064721
19 0.070873 0.345178 0.111842 0.055838
19 0.100179 0.403553 0.168062 0.063452
19 0.078050 0.463832 0.121411 0.057107
19 0.107057 0.520305 0.179426 0.060914
19 0.107356 0.579949 0.178828 0.058376
19 0.105861 0.638959 0.175837 0.059645
19 0.105861 0.703680 0.175837 0.069797
3 0.136364 0.775381 0.248804 0.032995
0 0.863038 0.122462 0.021531 0.029188
0 0.861842 0.659898 0.025120 0.027919
9 0.863337 0.389594 0.024522 0.573604
9 0.862440 0.282995 0.019139 0.289340
26 0.820873 0.138959 0.030502 0.036802
26 0.821471 0.187183 0.034091 0.029188
26 0.820275 0.232868 0.031699 0.031726
26 0.820574 0.271574 0.031100 0.045685
26 0.822069 0.357868 0.031699 0.032995
26 0.822368 0.404188 0.031100 0.036802
3 0.597189 0.140863 0.316388 0.038071
3 0.597189 0.186548 0.316388 0.038071
3 0.595694 0.230330 0.313397 0.036802
3 0.595694 0.269670 0.314593 0.029188
19 0.779904 0.138959 0.034689 0.036802
19 0.779007 0.182741 0.037679 0.035533
19 0.781998 0.232868 0.035287 0.039340
19 0.780801 0.272843 0.034091 0.032995
19 0.778409 0.314721 0.031699 0.025381
4 0.020634 0.824239 0.017344 0.024112