20 0.177033 0.315355 0.348086 0.625635
0 0.290371 0.588198 0.087919 0.041878
0 0.061902 0.588198 0.089115 0.036802
0 0.304725 0.192259 0.016148 0.026650
0 0.306220 0.277919 0.017943 0.020305
5 0.228469 0.221447 0.162679 0.082487
5 0.227871 0.276015 0.168660 0.024112
15 0.181519 0.321066 0.083134 0.032995
15 0.200658 0.154188 0.115431 0.041878
22 0.336722 0.022843 0.019139 0.030457
22 0.969797 0.023477 0.023325 0.036802
22 0.985347 0.152919 0.012560 0.021574
20 0.840610 0.448604 0.315191 0.620558
20 0.499701 0.876904 0.997010 0.236041
22 0.986842 0.778553 0.015550 0.021574
0 0.974880 0.824239 0.017943 0.029188
0 0.973983 0.964467 0.020933 0.035533
32 0.910885 0.020939 0.028708 0.034264
9 0.976077 0.896574 0.021531 0.168782
9 0.974880 0.918782 0.015550 0.022843
4 0.154306 0.352792 0.016746 0.022843
4 0.153110 0.375635 0.019139 0.022843
4 0.153409 0.406726 0.019737 0.039340