19 0.627990 0.683376 0.055024 0.072335
19 0.414773 0.686548 0.055622 0.081218
19 0.345694 0.687183 0.055024 0.077411
19 0.345694 0.449873 0.056220 0.069797
19 0.343600 0.197335 0.059211 0.074873
19 0.414773 0.197970 0.056818 0.076142
19 0.562500 0.196701 0.058014 0.076142
19 0.629486 0.195431 0.053230 0.076142
19 0.428529 0.108503 0.035287 0.041878
19 0.386663 0.108503 0.042464 0.049492
19 0.292763 0.109772 0.026914 0.039340
19 0.248505 0.111041 0.037679 0.044416
19 0.205742 0.108503 0.043062 0.046954
23 0.067584 0.111675 0.034689 0.043147
23 0.110646 0.112310 0.032297 0.046954
19 0.026914 0.111675 0.035885 0.032995
0 0.339115 0.112944 0.031100 0.030457
0 0.162978 0.112944 0.034091 0.020305
0 0.024821 0.063452 0.031699 0.032995
0 0.066089 0.068528 0.034091 0.022843
0 0.120514 0.065355 0.042464 0.021574
0 0.181519 0.070431 0.067584 0.019036
0 0.245813 0.065355 0.040670 0.021574
22 0.277811 0.154822 0.020933 0.032995
22 0.982656 0.152919 0.013158 0.026650
22 0.970993 0.024746 0.017344 0.029188
20 0.500000 0.874365 0.996411 0.225888
20 0.147727 0.437817 0.289474 0.609137
20 0.838816 0.440355 0.310407 0.598985
32 0.912380 0.022843 0.032895 0.038071
22 0.985646 0.778553 0.016746 0.021574
0 0.975179 0.817259 0.019737 0.030457
0 0.974581 0.961294 0.022129 0.026650
9 0.974581 0.888325 0.019737 0.172589
9 0.973684 0.922589 0.014354 0.025381
0 0.974282 0.212563 0.019139 0.021574
5 0.893242 0.214467 0.184809 0.040609
31 0.262261 0.204315 0.025718 0.032995
3 0.125897 0.204949 0.221890 0.031726
0 0.027811 0.289340 0.014952 0.022843
0 0.027512 0.314721 0.015550 0.027919
0 0.026316 0.343909 0.013158 0.030457
0 0.026615 0.373731 0.012560 0.029188
0 0.024821 0.404188 0.010167 0.029188
0 0.024222 0.457487 0.011364 0.026650
0 0.266746 0.254442 0.019139 0.026650
0 0.267045 0.706853 0.022129 0.027919
0 0.053828 0.572335 0.017943 0.022843
0 0.051734 0.625635 0.014952 0.027919
0 0.025419 0.540609 0.016148 0.022843
0 0.026914 0.515863 0.014354 0.024112
9 0.266746 0.473985 0.023923 0.478426
9 0.267344 0.310279 0.017943 0.074873
33 0.127691 0.630076 0.223086 0.194162
33 0.139952 0.663071 0.199761 0.128173
33 0.138457 0.578680 0.197967 0.050761
33 0.070873 0.285533 0.103469 0.027919
33 0.072069 0.315355 0.101077 0.031726
33 0.106160 0.348350 0.169258 0.034264
33 0.106160 0.380076 0.169258 0.029188
33 0.107356 0.408629 0.171651 0.027919
33 0.106758 0.434010 0.172847 0.022843
33 0.107356 0.462563 0.174043 0.034264
33 0.106160 0.492386 0.176435 0.025381
33 0.104366 0.520305 0.172847 0.030457