22 0.336423 0.023477 0.017344 0.029188
0 0.326854 0.066624 0.014952 0.026650
0 0.326555 0.531091 0.021531 0.021574
0 0.288577 0.590736 0.090311 0.041878
0 0.061304 0.588832 0.092703 0.032995
20 0.177033 0.310914 0.351675 0.614213
15 0.187201 0.405457 0.089713 0.057107
9 0.326854 0.299492 0.024522 0.492386
9 0.328349 0.208756 0.014354 0.092640
0 0.222189 0.531726 0.147727 0.030457
4 0.155801 0.098985 0.026914 0.035533
22 0.969797 0.023477 0.023325 0.036802
22 0.985347 0.152919 0.012560 0.021574
20 0.840610 0.448604 0.315191 0.620558
20 0.499701 0.876904 0.997010 0.236041
22 0.986842 0.778553 0.015550 0.021574
0 0.974880 0.824239 0.017943 0.029188
0 0.973983 0.964467 0.020933 0.035533
32 0.910885 0.020939 0.028708 0.034264
9 0.976077 0.896574 0.021531 0.168782
9 0.974880 0.918782 0.015550 0.022843
6 0.286782 0.409264 0.016148 0.034264
0 0.287978 0.401015 0.013756 0.015228
3 0.258971 0.409264 0.040670 0.029188