22 0.338816 0.022208 0.018541 0.026650
20 0.178529 0.315990 0.349880 0.624365
15 0.199462 0.154822 0.116627 0.025381
0 0.302333 0.192259 0.014952 0.019036
0 0.301435 0.274746 0.014354 0.029188
5 0.231758 0.195431 0.164474 0.038071
5 0.230263 0.286802 0.167464 0.053299
0 0.288876 0.586294 0.089713 0.038071
0 0.061304 0.590736 0.099880 0.036802
22 0.969797 0.023477 0.023325 0.036802
22 0.985347 0.152919 0.012560 0.021574
20 0.840610 0.448604 0.315191 0.620558
20 0.499701 0.876904 0.997010 0.236041
22 0.986842 0.778553 0.015550 0.021574
0 0.974880 0.824239 0.017943 0.029188
0 0.973983 0.964467 0.020933 0.035533
32 0.910885 0.020939 0.028708 0.034264
9 0.976077 0.896574 0.021531 0.168782
9 0.974880 0.918782 0.015550 0.022843
4 0.153409 0.352792 0.017344 0.022843
4 0.154007 0.379442 0.019737 0.027919
4 0.154605 0.407995 0.020933 0.029188