0 0.024821 0.063452 0.031699 0.032995
0 0.066089 0.068528 0.034091 0.022843
0 0.120514 0.065355 0.042464 0.021574
0 0.181519 0.070431 0.067584 0.019036
0 0.245813 0.065355 0.040670 0.021574
20 0.500000 0.874365 0.996411 0.225888
20 0.838816 0.440355 0.310407 0.598985
32 0.912380 0.022843 0.032895 0.038071
0 0.975179 0.817259 0.019737 0.030457
0 0.974581 0.961294 0.022129 0.026650
9 0.974581 0.888325 0.019737 0.172589
9 0.973684 0.922589 0.014354 0.025381
0 0.974282 0.212563 0.019139 0.021574
19 0.630682 0.202411 0.059211 0.077411
19 0.629486 0.687183 0.058014 0.074873
22 0.964414 0.017132 0.025718 0.026650
19 0.416268 0.687183 0.057416 0.079949
19 0.343900 0.682107 0.059809 0.072335
19 0.346890 0.455584 0.059809 0.076142
19 0.345395 0.199873 0.059211 0.079949
19 0.415371 0.197970 0.058014 0.083756
19 0.429725 0.110406 0.034091 0.038071
19 0.383971 0.104061 0.040670 0.043147
7 0.164175 0.128173 0.244617 0.154822
0 0.124402 0.106599 0.149522 0.030457
0 0.124103 0.139594 0.150120 0.035533
0 0.119318 0.173858 0.140550 0.032995
5 0.893242 0.211929 0.186005 0.025381