19 0.629486 0.195431 0.053230 0.076142
19 0.428529 0.108503 0.035287 0.041878
19 0.386663 0.108503 0.042464 0.049492
19 0.292763 0.109772 0.026914 0.039340
19 0.248505 0.111041 0.037679 0.044416
19 0.205742 0.108503 0.043062 0.046954
23 0.067584 0.111675 0.034689 0.043147
23 0.110646 0.112310 0.032297 0.046954
19 0.026914 0.111675 0.035885 0.032995
0 0.339115 0.112944 0.031100 0.030457
0 0.162978 0.112944 0.034091 0.020305
0 0.024821 0.063452 0.031699 0.032995
0 0.066089 0.068528 0.034091 0.022843
0 0.120514 0.065355 0.042464 0.021574
0 0.181519 0.070431 0.067584 0.019036
0 0.245813 0.065355 0.040670 0.021574
20 0.500000 0.874365 0.996411 0.225888
20 0.838816 0.440355 0.310407 0.598985
32 0.912380 0.022843 0.032895 0.038071
0 0.975179 0.817259 0.019737 0.030457
0 0.974581 0.961294 0.022129 0.026650
9 0.974581 0.888325 0.019737 0.172589
9 0.973684 0.922589 0.014354 0.025381
0 0.974282 0.212563 0.019139 0.021574
19 0.049641 0.196701 0.057416 0.068528
19 0.118720 0.199239 0.060407 0.081218
19 0.048744 0.453046 0.062799 0.078680
19 0.050538 0.689721 0.060407 0.082487
19 0.116926 0.684645 0.059211 0.069797
19 0.562201 0.197970 0.056220 0.076142
19 0.628589 0.688452 0.055024 0.074873
5 0.892045 0.246827 0.181220 0.097716
22 0.966208 0.026015 0.025718 0.034264