0 0.024821 0.063452 0.031699 0.032995
0 0.066089 0.068528 0.034091 0.022843
0 0.120514 0.065355 0.042464 0.021574
0 0.181519 0.070431 0.067584 0.019036
0 0.245813 0.065355 0.040670 0.021574
20 0.500000 0.874365 0.996411 0.225888
20 0.838816 0.440355 0.310407 0.598985
32 0.912380 0.022843 0.032895 0.038071
0 0.975179 0.817259 0.019737 0.030457
0 0.974581 0.961294 0.022129 0.026650
9 0.974581 0.888325 0.019737 0.172589
9 0.973684 0.922589 0.014354 0.025381
0 0.974282 0.212563 0.019139 0.021574
22 0.971292 0.026015 0.022727 0.034264
5 0.894139 0.214467 0.177033 0.025381
7 0.333732 0.179569 0.227273 0.247462
0 0.315789 0.112310 0.194976 0.036802
0 0.316089 0.145939 0.194378 0.030457
0 0.302333 0.179569 0.168062 0.034264
0 0.305921 0.214467 0.162081 0.038071
0 0.302931 0.256980 0.160885 0.039340
0 0.316089 0.289975 0.134569 0.026650