19 0.627990 0.683376 0.055024 0.072335
19 0.414773 0.686548 0.055622 0.081218
19 0.345694 0.687183 0.055024 0.077411
19 0.345694 0.449873 0.056220 0.069797
19 0.343600 0.197335 0.059211 0.074873
19 0.414773 0.197970 0.056818 0.076142
19 0.562500 0.196701 0.058014 0.076142
19 0.629486 0.195431 0.053230 0.076142
19 0.428529 0.108503 0.035287 0.041878
19 0.386663 0.108503 0.042464 0.049492
19 0.292763 0.109772 0.026914 0.039340
19 0.248505 0.111041 0.037679 0.044416
19 0.205742 0.108503 0.043062 0.046954
23 0.067584 0.111675 0.034689 0.043147
23 0.110646 0.112310 0.032297 0.046954
19 0.026914 0.111675 0.035885 0.032995
0 0.339115 0.112944 0.031100 0.030457
0 0.162978 0.112944 0.034091 0.020305
0 0.024821 0.063452 0.031699 0.032995
0 0.066089 0.068528 0.034091 0.022843
0 0.120514 0.065355 0.042464 0.021574
0 0.181519 0.070431 0.067584 0.019036
0 0.245813 0.065355 0.040670 0.021574
22 0.277811 0.154822 0.020933 0.032995
22 0.982656 0.152919 0.013158 0.026650
22 0.970993 0.024746 0.017344 0.029188
20 0.500000 0.874365 0.996411 0.225888
20 0.147727 0.437817 0.289474 0.609137
20 0.838816 0.440355 0.310407 0.598985
32 0.912380 0.022843 0.032895 0.038071
22 0.985646 0.778553 0.016746 0.021574
0 0.975179 0.817259 0.019737 0.030457
0 0.974581 0.961294 0.022129 0.026650
9 0.974581 0.888325 0.019737 0.172589
9 0.973684 0.922589 0.014354 0.025381
0 0.974282 0.212563 0.019139 0.021574
5 0.893242 0.214467 0.184809 0.040609
0 0.269139 0.253807 0.019139 0.027919
0 0.267644 0.710660 0.017344 0.027919
9 0.270335 0.480964 0.023923 0.487310
9 0.266447 0.293782 0.016148 0.036802
33 0.078349 0.288071 0.120813 0.030457
33 0.078648 0.317259 0.117823 0.020305
33 0.110048 0.345812 0.179426 0.026650
33 0.125598 0.431472 0.206938 0.157360
33 0.127392 0.418147 0.196172 0.062183
33 0.125598 0.481599 0.190191 0.057107
33 0.125897 0.619924 0.219498 0.204315
33 0.133672 0.581853 0.188397 0.090102
33 0.132177 0.659264 0.184211 0.059645
33 0.130981 0.701777 0.178230 0.027919
0 0.026316 0.286802 0.010766 0.020305
0 0.027811 0.316624 0.012560 0.019036
0 0.028409 0.376904 0.012560 0.010152
0 0.028409 0.347081 0.011364 0.013959
0 0.052632 0.402284 0.019139 0.020305
0 0.051734 0.465736 0.017344 0.012690
0 0.053230 0.552665 0.015550 0.019036
0 0.052632 0.648477 0.015550 0.025381
0 0.052632 0.708122 0.013158 0.017766
0 0.026615 0.527284 0.016148 0.013959
3 0.125598 0.209391 0.221292 0.027919
31 0.261065 0.206853 0.023325 0.038071