0 0.024821 0.063452 0.031699 0.032995
0 0.066089 0.068528 0.034091 0.022843
0 0.120514 0.065355 0.042464 0.021574
0 0.181519 0.070431 0.067584 0.019036
0 0.245813 0.065355 0.040670 0.021574
20 0.500000 0.874365 0.996411 0.225888
20 0.838816 0.440355 0.310407 0.598985
32 0.912380 0.022843 0.032895 0.038071
0 0.975179 0.817259 0.019737 0.030457
0 0.974581 0.961294 0.022129 0.026650
9 0.974581 0.888325 0.019737 0.172589
9 0.973684 0.922589 0.014354 0.025381
0 0.974282 0.212563 0.019139 0.021574
7 0.242524 0.289975 0.298445 0.468274
0 0.236244 0.102792 0.278708 0.032995
0 0.236244 0.137690 0.278708 0.036802
0 0.233254 0.175761 0.272727 0.039340
0 0.234749 0.215736 0.269737 0.040609
0 0.232356 0.251904 0.264952 0.031726
0 0.231459 0.289340 0.267943 0.043147
0 0.237440 0.326777 0.279904 0.031726
0 0.236842 0.366751 0.277512 0.038071
0 0.234450 0.404822 0.282297 0.038071
0 0.227273 0.440355 0.266746 0.032995
0 0.229067 0.472716 0.263158 0.031726
0 0.195574 0.506980 0.196172 0.036802
22 0.971292 0.026015 0.022727 0.034264
5 0.894139 0.214467 0.177033 0.025381
8 0.460526 0.288706 0.186603 0.041878
0 0.458732 0.291244 0.108852 0.016497