21 0.535885 0.120558 0.904306 0.048223
0 0.019139 0.064086 0.032297 0.036802
0 0.084330 0.065990 0.093301 0.038071
0 0.173445 0.067259 0.080144 0.038071
0 0.243122 0.069797 0.061603 0.035533
0 0.302033 0.067259 0.053828 0.032995
0 0.368720 0.071066 0.079545 0.027919
0 0.435706 0.067893 0.047249 0.034264
0 0.023923 0.122462 0.044258 0.059645
0 0.035287 0.961294 0.044258 0.044416
15 0.494916 0.927665 0.989833 0.043147
0 0.970096 0.960660 0.035885 0.055838
32 0.915234 0.023649 0.028906 0.039189
22 0.972656 0.025676 0.037500 0.045946