0 0.020634 0.066624 0.041268 0.029188
0 0.090610 0.069162 0.096292 0.031726
0 0.177333 0.071701 0.077153 0.031726
0 0.244916 0.070431 0.058014 0.029188
0 0.304127 0.065990 0.059211 0.032995
0 0.369617 0.067259 0.071770 0.030457
0 0.433014 0.067259 0.055024 0.035533
0 0.404605 0.107234 0.255383 0.044416
0 0.404306 0.145305 0.255981 0.031726
0 0.403708 0.180838 0.254785 0.039340
0 0.404007 0.226523 0.254187 0.052030
0 0.404605 0.272843 0.255383 0.040609
0 0.404007 0.310279 0.256579 0.034264
0 0.404306 0.346447 0.257177 0.038071
0 0.406100 0.383883 0.253589 0.036802
0 0.406100 0.426396 0.253589 0.048223
0 0.404904 0.469543 0.255981 0.038071
0 0.633373 0.185279 0.212919 0.038071
0 0.634868 0.223985 0.209928 0.039340
0 0.635766 0.261421 0.211722 0.035533
7 0.404605 0.272208 0.260167 0.432741
8 0.622010 0.218909 0.238038 0.112944
32 0.915234 0.023649 0.028906 0.039189
22 0.972656 0.025676 0.037500 0.045946