0 0.022727 0.067259 0.039474 0.032995
0 0.087620 0.069797 0.086722 0.032995
0 0.173146 0.071066 0.081938 0.030457
0 0.245813 0.072970 0.057416 0.031726
0 0.302632 0.071066 0.053828 0.030457
0 0.367823 0.068528 0.074163 0.027919
0 0.430323 0.068528 0.048445 0.027919
0 0.127392 0.105330 0.248804 0.043147
0 0.127392 0.148477 0.246411 0.040609
0 0.127093 0.184645 0.252990 0.029188
0 0.126495 0.220178 0.251794 0.041878
0 0.127691 0.262056 0.249402 0.041878
7 0.131579 0.171320 0.251196 0.246193
32 0.915234 0.023649 0.028906 0.039189
22 0.972656 0.025676 0.037500 0.045946