0 0.021531 0.068528 0.039474 0.035533
0 0.088517 0.067259 0.094498 0.035533
0 0.176734 0.070431 0.081938 0.034264
0 0.246711 0.065990 0.059211 0.027919
0 0.303529 0.071066 0.053230 0.027919
0 0.366328 0.067893 0.068780 0.031726
0 0.428828 0.066624 0.053828 0.024112
0 0.291567 0.108503 0.304426 0.044416
0 0.290670 0.197335 0.303828 0.034264
0 0.290072 0.230330 0.303828 0.031726
0 0.290072 0.273477 0.303828 0.054569
0 0.289773 0.321066 0.304426 0.040609
0 0.292763 0.364848 0.303230 0.039340
0 0.289474 0.402284 0.307416 0.038071
0 0.289175 0.441624 0.306818 0.040609
0 0.289773 0.483503 0.305622 0.043147
0 0.291268 0.522208 0.306220 0.039340
0 0.290371 0.565355 0.309211 0.041878
0 0.291268 0.609772 0.305024 0.046954
7 0.291268 0.344543 0.308612 0.579949
32 0.915234 0.023649 0.028906 0.039189
22 0.972656 0.025676 0.037500 0.045946