0 0.023624 0.066624 0.041268 0.029188
0 0.089115 0.071701 0.090909 0.029188
0 0.172548 0.073604 0.075957 0.027919
0 0.241328 0.070431 0.060407 0.029188
0 0.301136 0.072335 0.061603 0.027919
0 0.371411 0.073604 0.072967 0.038071
0 0.432416 0.074873 0.047847 0.030457
0 0.399522 0.110406 0.252392 0.038071
0 0.401316 0.148477 0.248804 0.038071
0 0.398923 0.189721 0.238038 0.044416
0 0.397129 0.231599 0.241627 0.039340
0 0.401615 0.269670 0.249402 0.036802
0 0.389653 0.309645 0.221890 0.035533
0 0.399222 0.343909 0.243421 0.035533
0 0.400718 0.384518 0.251196 0.040609
0 0.401914 0.428299 0.248804 0.046954
0 0.404007 0.471447 0.252990 0.039340
0 0.626196 0.113579 0.200957 0.034264
0 0.628589 0.153553 0.205742 0.045685
0 0.627990 0.194797 0.206938 0.036802
0 0.627093 0.229695 0.205144 0.032995
0 0.628289 0.263959 0.202751 0.035533
0 0.628888 0.298223 0.205144 0.032995
0 0.629486 0.331853 0.203947 0.031726
0 0.630084 0.366751 0.205144 0.038071
0 0.630682 0.405457 0.203947 0.039340
7 0.618720 0.256345 0.225478 0.340102
32 0.915234 0.023649 0.028906 0.039189
22 0.972656 0.025676 0.037500 0.045946