0 0.020036 0.065990 0.038876 0.027919
0 0.085227 0.068528 0.090311 0.027919
0 0.174342 0.067893 0.086722 0.029188
0 0.246411 0.067259 0.057416 0.025381
0 0.302033 0.067893 0.058612 0.026650
0 0.368122 0.065355 0.072368 0.029188
0 0.427931 0.069162 0.050837 0.031726
0 0.404306 0.106599 0.252392 0.032995
0 0.403409 0.142132 0.254187 0.035533
0 0.402512 0.184010 0.252392 0.048223
0 0.401017 0.230964 0.255383 0.045685
0 0.317883 0.267132 0.089115 0.026650
0 0.339414 0.269036 0.128589 0.025381
0 0.402512 0.302665 0.251196 0.041878
0 0.402811 0.345812 0.252990 0.034264
0 0.402512 0.385152 0.253589 0.044416
0 0.403110 0.429569 0.254785 0.044416
0 0.403708 0.472081 0.253589 0.040609
0 0.644139 0.149112 0.234450 0.044416
0 0.644139 0.189721 0.234450 0.036802
0 0.645335 0.223985 0.236842 0.031726
0 0.646232 0.258249 0.235048 0.036802
0 0.644438 0.299492 0.231459 0.045685
0 0.644139 0.338198 0.232057 0.031726
0 0.645634 0.372462 0.235048 0.036802
0 0.645933 0.408629 0.234450 0.035533
7 0.404306 0.276015 0.257177 0.442893
8 0.635467 0.274112 0.258971 0.291878
32 0.915234 0.023649 0.028906 0.039189
22 0.972656 0.025676 0.037500 0.045946