0 0.021830 0.068528 0.041268 0.038071
0 0.092105 0.071701 0.096890 0.041878
0 0.177033 0.067893 0.074163 0.031726
0 0.241627 0.065990 0.052632 0.027919
0 0.299641 0.069797 0.064593 0.032995
0 0.372309 0.071701 0.077153 0.031726
0 0.431519 0.069797 0.041268 0.025381
0 0.365730 0.105330 0.640550 0.040609
0 0.364533 0.144036 0.642943 0.036802
0 0.364234 0.192893 0.639952 0.060914
0 0.364833 0.242386 0.638756 0.038071
0 0.365431 0.285533 0.639952 0.048223
7 0.366328 0.182107 0.642943 0.252538
32 0.915234 0.023649 0.028906 0.039189
22 0.972656 0.025676 0.037500 0.045946