0 0.020634 0.069797 0.036483 0.030457
0 0.086423 0.071701 0.091507 0.029188
0 0.171651 0.073604 0.077751 0.025381
0 0.241328 0.069797 0.061603 0.025381
0 0.300837 0.070431 0.055024 0.024112
0 0.367823 0.068528 0.078947 0.025381
0 0.434809 0.069162 0.050239 0.026650
0 0.444677 0.107234 0.220694 0.039340
0 0.443780 0.148477 0.221292 0.040609
0 0.444079 0.186548 0.221890 0.040609
0 0.445873 0.222716 0.221890 0.031726
0 0.445574 0.258249 0.220096 0.041878
7 0.443182 0.167513 0.228469 0.223350
32 0.915234 0.023649 0.028906 0.039189
22 0.972656 0.025676 0.037500 0.045946