0 0.132775 0.058376 0.046651 0.040609
0 0.151017 0.090102 0.081938 0.035533
12 0.485646 0.133249 0.082536 0.058376
22 0.512560 0.135152 0.013158 0.021574
0 0.091507 0.057107 0.041866 0.035533
0 0.209031 0.057107 0.035287 0.038071
0 0.012261 0.057107 0.024522 0.025381
0 0.173146 0.057741 0.037679 0.026650
30 0.011364 0.092640 0.022727 0.040609
3 0.070574 0.954315 0.138756 0.040609
19 0.150419 0.954315 0.017344 0.027919
19 0.129187 0.954949 0.015550 0.026650
19 0.956340 0.091371 0.020335 0.032995
19 0.976376 0.091371 0.019737 0.032995
19 0.993122 0.091371 0.011364 0.032995
22 0.440191 0.135152 0.011962 0.024112
22 0.369019 0.136421 0.011962 0.024112
12 0.412679 0.133249 0.082536 0.048223
12 0.338218 0.132614 0.078349 0.049492
0 0.048445 0.057741 0.046651 0.026650
19 0.031699 0.090736 0.019139 0.044416
19 0.051734 0.091371 0.017344 0.040609
22 0.225778 0.135787 0.011364 0.020305
22 0.297249 0.137056 0.010766 0.020305
12 0.268541 0.132614 0.078947 0.046954
19 0.077452 0.091371 0.020933 0.035533
19 0.097787 0.092640 0.018541 0.038071
0 0.151316 0.123731 0.080144 0.031726
0 0.151316 0.156726 0.080144 0.034264
7 0.150120 0.107868 0.088517 0.154822
3 0.054426 0.154188 0.107656 0.052030
13 0.377990 0.136421 0.306220 0.069797