0 0.144438 0.355330 0.140550 0.088832
0 0.305024 0.205584 0.010766 0.022843
0 0.304426 0.223985 0.010766 0.016497
6 0.304426 0.211294 0.011962 0.041878
3 0.292763 0.213832 0.042464 0.052030
3 0.405203 0.322970 0.205144 0.049492
3 0.404904 0.366751 0.203349 0.048223
3 0.404904 0.437817 0.205742 0.050761
3 0.404306 0.479695 0.204545 0.050761
2 0.238038 0.550127 0.016746 0.031726
2 0.237739 0.585025 0.014952 0.027919
4 0.231160 0.288071 0.019737 0.030457
4 0.230263 0.401650 0.020335 0.031726
4 0.230562 0.514594 0.017344 0.029188
0 0.474880 0.783629 0.065789 0.054569
0 0.144139 0.282360 0.138756 0.082487
22 0.498206 0.131980 0.017943 0.035533
0 0.144737 0.206218 0.137560 0.079949
0 0.144139 0.426396 0.138756 0.078680
0 0.143840 0.503807 0.136962 0.073604
0 0.144438 0.578046 0.134569 0.074873
0 0.143840 0.650381 0.136962 0.072335
0 0.209031 0.057107 0.035287 0.038071
0 0.012261 0.057107 0.024522 0.025381
0 0.049043 0.058376 0.049043 0.027919
0 0.092404 0.058376 0.037679 0.025381
0 0.133373 0.057741 0.043062 0.026650
0 0.173146 0.057741 0.037679 0.026650
30 0.011364 0.092640 0.022727 0.040609
19 0.031699 0.093274 0.019139 0.036802
19 0.051734 0.093274 0.020933 0.036802
19 0.076555 0.092005 0.022727 0.036802
19 0.098385 0.092005 0.020933 0.034264
19 0.117823 0.092640 0.017943 0.032995
19 0.136962 0.092640 0.020335 0.032995
3 0.070574 0.954315 0.138756 0.040609
19 0.150419 0.954315 0.017344 0.027919
19 0.129187 0.954949 0.015550 0.026650
19 0.956340 0.091371 0.020335 0.032995
19 0.976376 0.091371 0.019737 0.032995
19 0.993122 0.091371 0.011364 0.032995
3 0.034091 0.154822 0.066986 0.048223
20 0.289474 0.465736 0.450957 0.725888