12 0.040371 0.135152 0.077153 0.039340
12 0.110945 0.135787 0.075957 0.035533
12 0.182715 0.135152 0.077153 0.036802
12 0.254785 0.135152 0.078947 0.034264
13 0.149222 0.133883 0.294856 0.044416
22 0.065789 0.135152 0.010766 0.021574
22 0.138158 0.135787 0.010766 0.022843
22 0.209330 0.135787 0.011962 0.025381
22 0.281100 0.135787 0.010766 0.022843
0 0.209031 0.057107 0.035287 0.038071
0 0.012261 0.057107 0.024522 0.025381
0 0.049043 0.058376 0.049043 0.027919
0 0.092404 0.058376 0.037679 0.025381
0 0.133373 0.057741 0.043062 0.026650
0 0.173146 0.057741 0.037679 0.026650
30 0.011364 0.092640 0.022727 0.040609
19 0.031699 0.093274 0.019139 0.036802
19 0.051734 0.093274 0.020933 0.036802
19 0.076555 0.092005 0.022727 0.036802
19 0.098385 0.092005 0.020933 0.034264
19 0.117823 0.092640 0.017943 0.032995
19 0.136962 0.092640 0.020335 0.032995
19 0.956340 0.091371 0.020335 0.032995
19 0.976376 0.091371 0.019737 0.032995
19 0.992823 0.092640 0.013158 0.035533