20 0.290670 0.464467 0.455742 0.730964
22 0.498206 0.131980 0.017943 0.035533
0 0.144737 0.206218 0.137560 0.079949
0 0.144438 0.351523 0.136962 0.071066
0 0.144139 0.426396 0.138756 0.078680
0 0.143840 0.503807 0.136962 0.073604
0 0.144438 0.578046 0.134569 0.074873
0 0.143840 0.650381 0.136962 0.072335
4 0.229964 0.256980 0.014952 0.026650
4 0.229964 0.291878 0.014952 0.027919
4 0.229964 0.327411 0.013756 0.025381
4 0.229964 0.579949 0.016148 0.027919
4 0.229964 0.652284 0.014952 0.030457
0 0.364234 0.427030 0.026316 0.054569
0 0.340610 0.398477 0.012560 0.025381
0 0.340909 0.545051 0.013158 0.024112
0 0.495813 0.399112 0.014354 0.026650
0 0.496112 0.545685 0.013756 0.027919
9 0.341208 0.438452 0.017344 0.067259
9 0.340610 0.470812 0.020933 0.175127
9 0.495813 0.465102 0.016746 0.115482
9 0.495813 0.472081 0.021531 0.182741
0 0.363935 0.517132 0.025718 0.049492
0 0.397428 0.182741 0.018541 0.038071
5 0.332835 0.183376 0.152512 0.041878
0 0.278110 0.401015 0.108852 0.027919
0 0.277811 0.429569 0.108254 0.029188
0 0.278110 0.460025 0.108852 0.029188
0 0.278708 0.494924 0.106459 0.032995
0 0.278110 0.528553 0.106459 0.031726
0 0.433313 0.402284 0.105861 0.030457
0 0.433014 0.430838 0.106459 0.029188
0 0.433313 0.461929 0.107057 0.032995
0 0.433313 0.494289 0.107057 0.031726
0 0.433014 0.527919 0.106459 0.030457
0 0.209031 0.057107 0.035287 0.038071
0 0.012261 0.057107 0.024522 0.025381
0 0.049043 0.058376 0.049043 0.027919
0 0.092404 0.058376 0.037679 0.025381
0 0.133373 0.057741 0.043062 0.026650
0 0.173146 0.057741 0.037679 0.026650
30 0.011364 0.092640 0.022727 0.040609
19 0.031699 0.093274 0.019139 0.036802
19 0.051734 0.093274 0.020933 0.036802
19 0.076555 0.092005 0.022727 0.036802
19 0.098385 0.092005 0.020933 0.034264
19 0.117823 0.092640 0.017943 0.032995
19 0.136962 0.092640 0.020335 0.032995
3 0.070574 0.954315 0.138756 0.040609
19 0.150419 0.954315 0.017344 0.027919
19 0.129187 0.954949 0.015550 0.026650
19 0.956340 0.091371 0.020335 0.032995
19 0.976376 0.091371 0.019737 0.032995
19 0.993122 0.091371 0.011364 0.032995
3 0.034091 0.154822 0.066986 0.048223
0 0.143840 0.279822 0.135766 0.067259
0 0.475778 0.784898 0.060407 0.046954