7 0.085526 0.184010 0.169856 0.289340
0 0.013457 0.057107 0.024522 0.035533
0 0.084330 0.088832 0.165072 0.032995
0 0.084031 0.119924 0.165670 0.029188
0 0.084330 0.146574 0.163876 0.029188
0 0.084629 0.173858 0.165670 0.032995
0 0.084330 0.209391 0.163876 0.035533
0 0.084928 0.246193 0.165072 0.032995
0 0.084928 0.274112 0.166268 0.035533
0 0.084629 0.303299 0.165670 0.035533
12 0.254785 0.135152 0.078947 0.034264
22 0.209330 0.135787 0.011962 0.025381
22 0.281100 0.135787 0.010766 0.022843
0 0.209031 0.057107 0.035287 0.038071
0 0.012261 0.057107 0.024522 0.025381
0 0.049043 0.058376 0.049043 0.027919
0 0.092404 0.058376 0.037679 0.025381
0 0.133373 0.057741 0.043062 0.026650
0 0.173146 0.057741 0.037679 0.026650
19 0.956340 0.091371 0.020335 0.032995
19 0.976376 0.091371 0.019737 0.032995
19 0.992823 0.092640 0.013158 0.035533
12 0.199163 0.135152 0.049043 0.041878
13 0.234749 0.133249 0.128589 0.060914