0 0.048445 0.058376 0.050239 0.038071
0 0.119318 0.089467 0.188397 0.029188
0 0.119019 0.117386 0.186603 0.029188
0 0.119617 0.145939 0.188995 0.030457
0 0.119916 0.175127 0.189593 0.027919
0 0.119318 0.203680 0.189593 0.029188
0 0.119916 0.230330 0.189593 0.029188
0 0.119617 0.259518 0.190191 0.031726
0 0.119916 0.295051 0.189593 0.031726
0 0.119318 0.324873 0.188397 0.027919
0 0.118421 0.352157 0.187799 0.026650
0 0.119318 0.378173 0.188397 0.025381
0 0.119916 0.404188 0.188397 0.026650
0 0.119019 0.439086 0.185407 0.035533
0 0.119617 0.470812 0.186603 0.025381
0 0.119318 0.499365 0.188397 0.031726
0 0.119617 0.532995 0.187799 0.032995
0 0.118421 0.563452 0.187799 0.027919
0 0.119019 0.594543 0.187799 0.034264
7 0.118720 0.326777 0.196770 0.582487
0 0.209031 0.057107 0.035287 0.038071
0 0.012261 0.057107 0.024522 0.025381
0 0.092404 0.058376 0.037679 0.025381
0 0.133373 0.057741 0.043062 0.026650
0 0.173146 0.057741 0.037679 0.026650
30 0.011364 0.092640 0.022727 0.040609
3 0.070574 0.954315 0.138756 0.040609
19 0.150419 0.954315 0.017344 0.027919
19 0.129187 0.954949 0.015550 0.026650
19 0.956340 0.091371 0.020335 0.032995
19 0.976376 0.091371 0.019737 0.032995
19 0.993122 0.091371 0.011364 0.032995
3 0.011663 0.154188 0.020933 0.041878
22 0.440191 0.135152 0.011962 0.024112
22 0.369019 0.136421 0.011962 0.024112
22 0.297548 0.135152 0.012560 0.024112
22 0.225778 0.136421 0.011364 0.021574
12 0.412679 0.133249 0.082536 0.048223
12 0.338218 0.132614 0.078349 0.049492
12 0.268541 0.132614 0.080144 0.054569
13 0.340909 0.130711 0.232057 0.071066