0 0.343600 0.154822 0.114234 0.030457
0 0.342703 0.181472 0.117225 0.027919
0 0.342703 0.209391 0.116029 0.030457
0 0.342703 0.238579 0.116029 0.027919
0 0.342404 0.266497 0.115431 0.025381
0 0.342105 0.294416 0.116029 0.030457
0 0.341208 0.321701 0.115431 0.031726
0 0.341806 0.350888 0.115431 0.026650
0 0.342105 0.378173 0.116029 0.027919
0 0.342105 0.404822 0.114833 0.027919
0 0.342404 0.432107 0.116627 0.029188
0 0.341806 0.465736 0.116627 0.035533
0 0.341806 0.498731 0.115431 0.035533
8 0.342703 0.328046 0.119617 0.392132
0 0.179127 0.087563 0.213517 0.032995
0 0.179426 0.119289 0.212919 0.030457
0 0.179127 0.151650 0.212321 0.034264
0 0.179426 0.184010 0.212919 0.027919
0 0.179725 0.211294 0.212321 0.031726
0 0.179725 0.240482 0.215909 0.029188
0 0.179725 0.274112 0.214713 0.032995
0 0.179725 0.303299 0.217105 0.027919
0 0.179426 0.332487 0.214115 0.032995
0 0.179725 0.369289 0.212321 0.032995
0 0.179725 0.399112 0.214713 0.031726
0 0.179725 0.431472 0.214713 0.030457
0 0.180024 0.465736 0.215311 0.027919
7 0.179426 0.262056 0.222488 0.458122
0 0.209031 0.057107 0.035287 0.038071
0 0.012261 0.057107 0.024522 0.025381
0 0.133373 0.057741 0.043062 0.026650
0 0.173146 0.057741 0.037679 0.026650
30 0.011364 0.092640 0.022727 0.040609
3 0.070574 0.954315 0.138756 0.040609
19 0.150419 0.954315 0.017344 0.027919
19 0.129187 0.954949 0.015550 0.026650
19 0.956340 0.091371 0.020335 0.032995
19 0.976376 0.091371 0.019737 0.032995
19 0.993122 0.091371 0.011364 0.032995
22 0.440191 0.135152 0.011962 0.024112
0 0.048445 0.057741 0.046651 0.026650
19 0.031699 0.090736 0.019139 0.044416
19 0.051734 0.091371 0.017344 0.040609
3 0.035885 0.154188 0.069378 0.046954
0 0.090909 0.056472 0.041866 0.034264