0 0.241627 0.723350 0.045455 0.045685
0 0.284091 0.723350 0.038278 0.048223
4 0.230263 0.229061 0.015550 0.026650
4 0.230263 0.262690 0.015550 0.027919
12 0.237440 0.185279 0.047847 0.055838
12 0.272727 0.184645 0.039474 0.054569
12 0.319079 0.184010 0.069976 0.053299
12 0.363636 0.183376 0.037081 0.052030
12 0.396232 0.184010 0.043660 0.050761
12 0.438397 0.184010 0.053828 0.050761
13 0.340909 0.187183 0.255981 0.057107
4 0.229067 0.422589 0.016746 0.035533
0 0.144139 0.282360 0.138756 0.082487
0 0.475778 0.785533 0.060407 0.048223
22 0.498206 0.131980 0.017943 0.035533
0 0.144737 0.206218 0.137560 0.079949
0 0.144438 0.351523 0.136962 0.071066
0 0.144139 0.426396 0.138756 0.078680
0 0.143840 0.503807 0.136962 0.073604
0 0.144438 0.578046 0.134569 0.074873
0 0.143840 0.650381 0.136962 0.072335
0 0.209031 0.057107 0.035287 0.038071
0 0.012261 0.057107 0.024522 0.025381
0 0.049043 0.058376 0.049043 0.027919
0 0.092404 0.058376 0.037679 0.025381
0 0.133373 0.057741 0.043062 0.026650
0 0.173146 0.057741 0.037679 0.026650
30 0.011364 0.092640 0.022727 0.040609
19 0.031699 0.093274 0.019139 0.036802
19 0.051734 0.093274 0.020933 0.036802
19 0.076555 0.092005 0.022727 0.036802
19 0.098385 0.092005 0.020933 0.034264
19 0.117823 0.092640 0.017943 0.032995
19 0.136962 0.092640 0.020335 0.032995
3 0.070574 0.954315 0.138756 0.040609
19 0.150419 0.954315 0.017344 0.027919
19 0.129187 0.954949 0.015550 0.026650
19 0.956340 0.091371 0.020335 0.032995
19 0.976376 0.091371 0.019737 0.032995
19 0.993122 0.091371 0.011364 0.032995
3 0.034091 0.154822 0.066986 0.048223
20 0.291866 0.465736 0.456938 0.736041
4 0.229964 0.295685 0.013756 0.027919
4 0.229665 0.328046 0.015550 0.029188
4 0.229964 0.359137 0.016148 0.030457
4 0.229366 0.391497 0.016148 0.031726