0 0.144139 0.282360 0.138756 0.082487
0 0.475778 0.785533 0.060407 0.048223
0 0.251794 0.475888 0.044258 0.048223
0 0.293062 0.474619 0.037081 0.045685
0 0.415670 0.215102 0.044258 0.044416
0 0.457536 0.215102 0.037081 0.044416
5 0.340012 0.215102 0.105861 0.049492
5 0.313696 0.255076 0.093900 0.045685
5 0.367823 0.514594 0.156699 0.046954
5 0.314892 0.623731 0.111842 0.049492
0 0.384868 0.215102 0.022129 0.044416
0 0.351376 0.253173 0.020933 0.041878
0 0.436304 0.513959 0.022129 0.043147
0 0.358852 0.621827 0.022727 0.048223
0 0.309809 0.282360 0.010766 0.019036
0 0.309510 0.301396 0.010167 0.016497
6 0.309510 0.291244 0.011364 0.036802
3 0.294557 0.293147 0.044856 0.045685
3 0.355562 0.737944 0.046053 0.046954
3 0.355263 0.696701 0.045455 0.050761
6 0.371411 0.694162 0.011962 0.045685
6 0.371112 0.736675 0.010167 0.041878
4 0.229665 0.328680 0.016746 0.030457
4 0.229665 0.364213 0.016746 0.030457
4 0.229366 0.434645 0.016148 0.031726
4 0.229665 0.585660 0.015550 0.031726
4 0.237739 0.657995 0.017344 0.034264
0 0.371711 0.685279 0.014952 0.020305
0 0.371711 0.703680 0.013756 0.019036
0 0.372010 0.725254 0.011962 0.019036
0 0.371711 0.746193 0.013756 0.020305
20 0.290670 0.464467 0.455742 0.730964
22 0.498206 0.131980 0.017943 0.035533
0 0.144737 0.206218 0.137560 0.079949
0 0.144438 0.351523 0.136962 0.071066
0 0.144139 0.426396 0.138756 0.078680
0 0.143840 0.503807 0.136962 0.073604
0 0.144438 0.578046 0.134569 0.074873
0 0.143840 0.650381 0.136962 0.072335
0 0.209031 0.057107 0.035287 0.038071
0 0.012261 0.057107 0.024522 0.025381
0 0.049043 0.058376 0.049043 0.027919
0 0.092404 0.058376 0.037679 0.025381
0 0.133373 0.057741 0.043062 0.026650
0 0.173146 0.057741 0.037679 0.026650
30 0.011364 0.092640 0.022727 0.040609
19 0.031699 0.093274 0.019139 0.036802
19 0.051734 0.093274 0.020933 0.036802
19 0.076555 0.092005 0.022727 0.036802
19 0.098385 0.092005 0.020933 0.034264
19 0.117823 0.092640 0.017943 0.032995
19 0.136962 0.092640 0.020335 0.032995
3 0.070574 0.954315 0.138756 0.040609
19 0.150419 0.954315 0.017344 0.027919
19 0.129187 0.954949 0.015550 0.026650
19 0.956340 0.091371 0.020335 0.032995
19 0.976376 0.091371 0.019737 0.032995
19 0.993122 0.091371 0.011364 0.032995
3 0.034091 0.154822 0.066986 0.048223