22 0.475478 0.055203 0.017943 0.029188
0 0.485945 0.336294 0.016148 0.025381
0 0.486244 0.547589 0.017943 0.026650
9 0.485347 0.365482 0.017344 0.045685
9 0.486244 0.442893 0.021531 0.246193
17 0.258971 0.263959 0.159091 0.032995
12 0.045156 0.301396 0.044856 0.046954
12 0.080742 0.302030 0.046651 0.048223
13 0.063995 0.302030 0.084928 0.058376
0 0.012261 0.057107 0.024522 0.025381
30 0.011364 0.092640 0.022727 0.040609
3 0.070574 0.954315 0.138756 0.040609
19 0.150419 0.954315 0.017344 0.027919
19 0.129187 0.954949 0.015550 0.026650
19 0.956340 0.091371 0.020335 0.032995
19 0.976376 0.091371 0.019737 0.032995
20 0.261065 0.304569 0.489833 0.553299
3 0.011962 0.153553 0.020335 0.045685
19 0.992524 0.091371 0.012560 0.030457