0 0.159375 0.610135 0.018750 0.017568
0 0.160547 0.625676 0.016406 0.013514
6 0.159375 0.614865 0.020312 0.035135
3 0.124609 0.616892 0.055469 0.031081
4 0.036719 0.616216 0.018750 0.018919
32 0.975391 0.020946 0.035156 0.031081
0 0.019141 0.058108 0.035156 0.021622
0 0.078906 0.058784 0.051563 0.028378
0 0.135547 0.059459 0.028906 0.032432
0 0.178516 0.066216 0.050781 0.027027
0 0.234766 0.057432 0.055469 0.031081
0 0.290234 0.055405 0.057031 0.032432
0 0.341797 0.055405 0.052344 0.027027
0 0.395703 0.058784 0.055469 0.028378
0 0.446484 0.060811 0.047656 0.021622
0 0.499219 0.058784 0.059375 0.033784
0 0.561719 0.060135 0.053125 0.025676
15 0.930859 0.906757 0.030469 0.162162
15 0.347656 0.820946 0.679688 0.047297
19 0.030078 0.881757 0.038281 0.047297
19 0.071094 0.885135 0.039063 0.040541
19 0.109375 0.887838 0.029688 0.048649
19 0.150781 0.889189 0.046875 0.048649
19 0.188281 0.882432 0.035937 0.051351
19 0.300000 0.889865 0.029687 0.041892
19 0.335547 0.885135 0.039844 0.054054
19 0.375781 0.883784 0.042188 0.048649
19 0.417969 0.883108 0.034375 0.063514
19 0.451562 0.888514 0.035937 0.041892
19 0.492188 0.885811 0.032812 0.050000
3 0.166406 0.945270 0.101563 0.031081
0 0.305078 0.188514 0.389844 0.033784
0 0.305078 0.228378 0.389844 0.045946
0 0.304297 0.289189 0.386719 0.043243
0 0.304297 0.329730 0.386719 0.037838
0 0.302734 0.367568 0.383594 0.037838
0 0.303906 0.400676 0.381250 0.028378
0 0.303125 0.438514 0.379687 0.047297
0 0.302734 0.481757 0.380469 0.039189
0 0.302344 0.520270 0.379687 0.037838
7 0.309766 0.299324 0.402344 0.495946