0 0.159375 0.610135 0.018750 0.017568
0 0.160547 0.625676 0.016406 0.013514
6 0.159375 0.614865 0.020312 0.035135
3 0.124609 0.616892 0.055469 0.031081
4 0.036719 0.616216 0.018750 0.018919
29 0.120312 0.100676 0.035938 0.044595
23 0.078906 0.098649 0.042187 0.045946
24 0.036328 0.100000 0.041406 0.037838
0 0.109375 0.235811 0.160938 0.033784
0 0.181641 0.327027 0.019531 0.027027
0 0.182422 0.494595 0.017969 0.021622
0 0.183984 0.702703 0.022656 0.035135
0 0.112500 0.743243 0.164063 0.032432
5 0.107813 0.326351 0.159375 0.033784
5 0.112500 0.493919 0.164063 0.033784
5 0.110547 0.702027 0.160156 0.031081
15 0.866406 0.879730 0.046875 0.197297
15 0.315234 0.824324 0.621094 0.062162
19 0.864844 0.804730 0.035937 0.039189
19 0.030469 0.883108 0.040625 0.036486
19 0.068750 0.883784 0.028125 0.032432
19 0.109375 0.885135 0.039063 0.037838
19 0.148047 0.885811 0.036719 0.044595
19 0.185547 0.893919 0.033594 0.036486
19 0.229687 0.892568 0.039063 0.039189
19 0.269531 0.893243 0.032813 0.037838
19 0.301953 0.889189 0.027344 0.035135
19 0.336719 0.888514 0.023438 0.039189
19 0.379687 0.893919 0.043750 0.041892
19 0.418750 0.891892 0.031250 0.040541
19 0.457422 0.889865 0.030469 0.036486
19 0.494531 0.889189 0.035937 0.040541
3 0.164453 0.941216 0.105469 0.028378