0 0.159375 0.610135 0.018750 0.017568
0 0.160547 0.625676 0.016406 0.013514
6 0.159375 0.614865 0.020312 0.035135
3 0.124609 0.616892 0.055469 0.031081
4 0.036719 0.616216 0.018750 0.018919
32 0.975391 0.020946 0.035156 0.031081
0 0.019141 0.058108 0.035156 0.021622
0 0.078906 0.058784 0.051563 0.028378
0 0.135547 0.059459 0.028906 0.032432
0 0.178516 0.066216 0.050781 0.027027
0 0.234766 0.057432 0.055469 0.031081
0 0.290234 0.055405 0.057031 0.032432
0 0.341797 0.055405 0.052344 0.027027
0 0.395703 0.058784 0.055469 0.028378
0 0.446484 0.060811 0.047656 0.021622
0 0.499219 0.058784 0.059375 0.033784
0 0.561719 0.060135 0.053125 0.025676
15 0.930859 0.906757 0.030469 0.162162
15 0.347656 0.820946 0.679688 0.047297
19 0.030078 0.881757 0.038281 0.047297
19 0.071094 0.885135 0.039063 0.040541
19 0.109375 0.887838 0.029688 0.048649
19 0.150781 0.889189 0.046875 0.048649
19 0.188281 0.882432 0.035937 0.051351
19 0.300000 0.889865 0.029687 0.041892
19 0.335547 0.885135 0.039844 0.054054
19 0.375781 0.883784 0.042188 0.048649
19 0.417969 0.883108 0.034375 0.063514
19 0.451562 0.888514 0.035937 0.041892
19 0.492188 0.885811 0.032812 0.050000
3 0.166406 0.945270 0.101563 0.031081
0 0.620313 0.090541 0.164063 0.051351
0 0.621875 0.136486 0.160938 0.040541
0 0.621875 0.175000 0.160938 0.036486
0 0.619922 0.215541 0.164844 0.044595
0 0.834375 0.168919 0.260938 0.029730
0 0.834375 0.200676 0.260938 0.033784
7 0.620313 0.141216 0.168750 0.195946
8 0.821875 0.187838 0.285937 0.062162
29 0.120312 0.100676 0.035938 0.044595
23 0.078906 0.098649 0.042187 0.045946
24 0.036328 0.100000 0.041406 0.037838
0 0.109375 0.235811 0.160938 0.033784
0 0.181641 0.327027 0.019531 0.027027
0 0.182422 0.494595 0.017969 0.021622
0 0.183984 0.702703 0.022656 0.035135
0 0.112500 0.743243 0.164063 0.032432
5 0.107813 0.326351 0.159375 0.033784
5 0.112500 0.493919 0.164063 0.033784
5 0.110547 0.702027 0.160156 0.031081
19 0.933594 0.810135 0.028125 0.039189