0 0.159375 0.610135 0.018750 0.017568
0 0.160547 0.625676 0.016406 0.013514
6 0.159375 0.614865 0.020312 0.035135
3 0.124609 0.616892 0.055469 0.031081
4 0.036719 0.616216 0.018750 0.018919
32 0.975391 0.020946 0.035156 0.031081
0 0.019141 0.058108 0.035156 0.021622
0 0.078906 0.058784 0.051563 0.028378
0 0.135547 0.059459 0.028906 0.032432
0 0.178516 0.066216 0.050781 0.027027
0 0.234766 0.057432 0.055469 0.031081
0 0.290234 0.055405 0.057031 0.032432
0 0.341797 0.055405 0.052344 0.027027
0 0.395703 0.058784 0.055469 0.028378
0 0.446484 0.060811 0.047656 0.021622
0 0.499219 0.058784 0.059375 0.033784
0 0.561719 0.060135 0.053125 0.025676
15 0.930859 0.906757 0.030469 0.162162
15 0.347656 0.820946 0.679688 0.047297
19 0.030078 0.881757 0.038281 0.047297
19 0.071094 0.885135 0.039063 0.040541
19 0.109375 0.887838 0.029688 0.048649
19 0.150781 0.889189 0.046875 0.048649
19 0.188281 0.882432 0.035937 0.051351
19 0.300000 0.889865 0.029687 0.041892
19 0.335547 0.885135 0.039844 0.054054
19 0.375781 0.883784 0.042188 0.048649
19 0.417969 0.883108 0.034375 0.063514
19 0.451562 0.888514 0.035937 0.041892
19 0.492188 0.885811 0.032812 0.050000
3 0.166406 0.945270 0.101563 0.031081
24 0.037891 0.101351 0.022656 0.045946
23 0.073047 0.097297 0.033594 0.040541
29 0.116406 0.098649 0.037500 0.040541
0 0.110156 0.238514 0.162500 0.036486
0 0.109375 0.739865 0.162500 0.036486
0 0.183203 0.320270 0.019531 0.018919
0 0.182422 0.353378 0.021094 0.017568
0 0.183594 0.513514 0.018750 0.016216
9 0.182812 0.445946 0.021875 0.167568
9 0.181641 0.427703 0.021094 0.133784
0 0.099609 0.345946 0.139844 0.021622
0 0.099609 0.367568 0.139844 0.021622
0 0.100391 0.385811 0.141406 0.014865
0 0.101563 0.405405 0.139062 0.024324
0 0.102344 0.426351 0.140625 0.017568
0 0.100391 0.445270 0.132031 0.020270
0 0.103516 0.465541 0.138281 0.020270
5 0.110547 0.422297 0.160156 0.225676
5 0.111719 0.706757 0.165625 0.035135
0 0.182812 0.704730 0.018750 0.025676
19 0.931250 0.801351 0.028125 0.029730