0 0.159375 0.610135 0.018750 0.017568
0 0.160547 0.625676 0.016406 0.013514
6 0.159375 0.614865 0.020312 0.035135
3 0.124609 0.616892 0.055469 0.031081
4 0.036719 0.616216 0.018750 0.018919
20 0.499609 0.500000 0.358594 0.237838
29 0.580859 0.403378 0.027344 0.036486
22 0.643359 0.401351 0.030469 0.037838
0 0.610547 0.581081 0.103906 0.029730
10 0.492969 0.539865 0.309375 0.047297
22 0.970703 0.021622 0.028906 0.037838
32 0.907031 0.027027 0.040625 0.043243
29 0.132422 0.104054 0.044531 0.043243
23 0.087109 0.101351 0.041406 0.040541
24 0.041797 0.102027 0.038281 0.033784
15 0.856250 0.907432 0.037500 0.160811
15 0.294141 0.825000 0.572656 0.063514
0 0.123828 0.235135 0.182031 0.035135
0 0.122266 0.743243 0.186719 0.035135
0 0.205469 0.707432 0.021875 0.025676
0 0.205859 0.495946 0.017969 0.027027
0 0.203906 0.326351 0.017188 0.025676
19 0.856641 0.805405 0.035156 0.035135
19 0.042969 0.888514 0.043750 0.044595
19 0.079687 0.888514 0.028125 0.031081
19 0.121094 0.890541 0.032813 0.029730
19 0.165234 0.885135 0.033594 0.045946
19 0.206250 0.885135 0.035937 0.035135
19 0.250000 0.889189 0.040625 0.043243
19 0.292969 0.887162 0.037500 0.044595
19 0.331641 0.889189 0.025781 0.032432
19 0.379688 0.893919 0.040625 0.039189
19 0.424609 0.894595 0.035156 0.032432
19 0.466016 0.889865 0.032031 0.033784
19 0.510547 0.889865 0.030469 0.033784
19 0.550781 0.889865 0.040625 0.028378
5 0.124609 0.326351 0.188281 0.041892
5 0.126172 0.496622 0.194531 0.033784
5 0.125000 0.704054 0.192188 0.037838