0 0.159375 0.610135 0.018750 0.017568
0 0.160547 0.625676 0.016406 0.013514
6 0.159375 0.614865 0.020312 0.035135
3 0.124609 0.616892 0.055469 0.031081
4 0.036719 0.616216 0.018750 0.018919
32 0.975391 0.020946 0.035156 0.031081
0 0.019141 0.058108 0.035156 0.021622
0 0.078906 0.058784 0.051563 0.028378
0 0.135547 0.059459 0.028906 0.032432
0 0.178516 0.066216 0.050781 0.027027
0 0.234766 0.057432 0.055469 0.031081
0 0.290234 0.055405 0.057031 0.032432
0 0.341797 0.055405 0.052344 0.027027
0 0.395703 0.058784 0.055469 0.028378
0 0.446484 0.060811 0.047656 0.021622
0 0.499219 0.058784 0.059375 0.033784
0 0.561719 0.060135 0.053125 0.025676
15 0.930859 0.906757 0.030469 0.162162
15 0.347656 0.820946 0.679688 0.047297
19 0.030078 0.881757 0.038281 0.047297
19 0.071094 0.885135 0.039063 0.040541
19 0.109375 0.887838 0.029688 0.048649
19 0.150781 0.889189 0.046875 0.048649
19 0.188281 0.882432 0.035937 0.051351
19 0.300000 0.889865 0.029687 0.041892
19 0.335547 0.885135 0.039844 0.054054
19 0.375781 0.883784 0.042188 0.048649
19 0.417969 0.883108 0.034375 0.063514
19 0.451562 0.888514 0.035937 0.041892
19 0.492188 0.885811 0.032812 0.050000
3 0.166406 0.945270 0.101563 0.031081
0 0.237891 0.095270 0.166406 0.028378
0 0.237500 0.125000 0.167188 0.031081
0 0.236328 0.155405 0.164844 0.029730
0 0.237500 0.187838 0.162500 0.035135
0 0.233594 0.224324 0.154687 0.037838
0 0.447266 0.097297 0.261719 0.027027
0 0.452344 0.125676 0.251563 0.029730
0 0.450781 0.158784 0.254687 0.036486
0 0.450391 0.190541 0.255469 0.027027
0 0.453516 0.220946 0.261719 0.033784
5 0.110547 0.495946 0.163281 0.027027
5 0.108594 0.704054 0.162500 0.024324
0 0.110156 0.746622 0.162500 0.028378
0 0.181250 0.496622 0.017188 0.028378
0 0.181641 0.702027 0.017969 0.020270
7 0.241016 0.145270 0.174219 0.198649
8 0.451953 0.143919 0.269531 0.195946
5 0.109375 0.321622 0.167187 0.035135
0 0.182812 0.319595 0.017188 0.028378
24 0.033594 0.102027 0.039063 0.044595
23 0.077734 0.092568 0.035156 0.050000
29 0.119531 0.097973 0.035938 0.036486
19 0.930078 0.806081 0.032031 0.033784