0 0.011663 0.057741 0.022129 0.029188
0 0.037978 0.057741 0.030502 0.029188
0 0.071471 0.058376 0.036483 0.027919
0 0.104067 0.057741 0.028708 0.026650
0 0.127990 0.057107 0.019139 0.025381
0 0.149222 0.057107 0.023325 0.025381
0 0.175538 0.057741 0.029306 0.024112
23 0.193481 0.094543 0.025718 0.041878
19 0.222189 0.093909 0.024522 0.043147
19 0.255981 0.094543 0.022727 0.041878
28 0.020634 0.095178 0.024522 0.040609
24 0.121411 0.095812 0.021531 0.039340
24 0.145634 0.095812 0.020933 0.039340
23 0.169258 0.093909 0.019139 0.040609
19 0.045455 0.094543 0.022727 0.039340
19 0.068780 0.095178 0.022727 0.040609
19 0.093900 0.093909 0.023923 0.040609
0 0.099282 0.189086 0.131579 0.022843
0 0.099282 0.212563 0.131579 0.021574
0 0.098983 0.236041 0.132177 0.022843
0 0.098684 0.282360 0.129187 0.019036
0 0.098684 0.303934 0.127990 0.024112
0 0.098086 0.328046 0.127990 0.024112
0 0.097488 0.351523 0.126794 0.022843
0 0.097488 0.375000 0.126794 0.024112
33 0.035885 0.166244 0.069378 0.030457
33 0.026914 0.258883 0.050239 0.027919
22 0.704246 0.109772 0.020933 0.034264
29 0.666866 0.108503 0.017943 0.036802
0 0.707536 0.156726 0.017943 0.034264
0 0.708134 0.878807 0.019139 0.036802
4 0.305921 0.203680 0.013756 0.024112
3 0.445574 0.237944 0.161483 0.036802
3 0.607057 0.239848 0.161483 0.040609
3 0.445574 0.274112 0.160287 0.032995
3 0.445574 0.310914 0.160287 0.038071
20 0.500000 0.499365 0.456938 0.841371
9 0.707835 0.457487 0.018541 0.577411
9 0.708134 0.519036 0.023923 0.763959
21 0.526615 0.373096 0.324761 0.068528
21 0.533792 0.733503 0.312799 0.071066
3 0.632177 0.457487 0.111244 0.036802
3 0.433313 0.527919 0.111842 0.035533
3 0.631878 0.562183 0.111842 0.035533
3 0.433014 0.599619 0.112440 0.034264
3 0.433313 0.635787 0.111842 0.035533
3 0.433313 0.671954 0.110646 0.036802
3 0.632177 0.598985 0.111244 0.035533
3 0.631878 0.635787 0.110646 0.035533
3 0.632177 0.673223 0.111244 0.041878
3 0.442584 0.854695 0.132775 0.036802
3 0.442285 0.817893 0.132177 0.036802
3 0.622010 0.818528 0.132775 0.038071
3 0.621711 0.856599 0.132177 0.035533
5 0.433014 0.456853 0.110048 0.032995
5 0.433014 0.493655 0.110048 0.035533
5 0.433313 0.565990 0.110646 0.035533
5 0.631579 0.491751 0.110048 0.034264
5 0.631280 0.527919 0.109450 0.035533
0 0.478469 0.457487 0.016746 0.024112
0 0.478170 0.492386 0.016148 0.025381
0 0.478170 0.564086 0.018541 0.026650
0 0.677033 0.493020 0.016746 0.024112
0 0.677333 0.527919 0.016148 0.025381