0 0.011663 0.057741 0.022129 0.029188
0 0.037978 0.057741 0.030502 0.029188
0 0.071471 0.058376 0.036483 0.027919
0 0.104067 0.057741 0.028708 0.026650
0 0.127990 0.057107 0.019139 0.025381
0 0.149222 0.057107 0.023325 0.025381
0 0.175538 0.057741 0.029306 0.024112
31 0.291268 0.094543 0.023923 0.041878
19 0.556220 0.095178 0.020335 0.040609
19 0.532895 0.095178 0.023923 0.043147
19 0.508074 0.094543 0.026914 0.041878
19 0.472488 0.093909 0.025120 0.043147
19 0.448864 0.093909 0.024522 0.045685
19 0.422249 0.095178 0.025120 0.043147
19 0.396531 0.093909 0.023923 0.043147
19 0.369916 0.093909 0.025718 0.040609
19 0.343900 0.092005 0.025120 0.041878
19 0.317584 0.094543 0.025120 0.041878
23 0.193481 0.094543 0.025718 0.041878
19 0.222189 0.093909 0.024522 0.043147
19 0.255981 0.094543 0.022727 0.041878
28 0.020634 0.095178 0.024522 0.040609
24 0.121411 0.095812 0.021531 0.039340
24 0.145634 0.095812 0.020933 0.039340
23 0.169258 0.093909 0.019139 0.040609
19 0.045455 0.094543 0.022727 0.039340
19 0.068780 0.095178 0.022727 0.040609
19 0.093900 0.093909 0.023923 0.040609
0 0.099282 0.189086 0.131579 0.022843
0 0.099282 0.212563 0.131579 0.021574
0 0.098983 0.236041 0.132177 0.022843
33 0.035885 0.166244 0.069378 0.030457
33 0.026914 0.258883 0.050239 0.027919
0 0.107656 0.305203 0.113636 0.024112
33 0.091507 0.282995 0.145933 0.022843
0 0.107356 0.351523 0.114234 0.022843
33 0.091208 0.328680 0.144139 0.022843
0 0.097189 0.424492 0.126196 0.021574
33 0.092105 0.374365 0.145933 0.025381
0 0.107057 0.399112 0.114833 0.021574
0 0.097189 0.446066 0.126196 0.021574
22 0.669856 0.293782 0.019139 0.034264
0 0.454246 0.862944 0.065191 0.048223
0 0.519737 0.862310 0.065789 0.049492
0 0.584928 0.861675 0.064593 0.050761
0 0.650120 0.861041 0.065789 0.052030
3 0.566986 0.822335 0.232057 0.038071
0 0.659091 0.347081 0.015550 0.036802
0 0.674043 0.346447 0.014354 0.035533
13 0.538577 0.345812 0.239833 0.054569
12 0.467105 0.347081 0.090909 0.041878
12 0.548445 0.346447 0.084928 0.040609
12 0.619617 0.346447 0.071770 0.040609
3 0.616029 0.413706 0.112440 0.027919
3 0.615730 0.442893 0.111842 0.027919
3 0.615730 0.472716 0.111842 0.029188
3 0.616029 0.501904 0.111244 0.026650
3 0.616029 0.531091 0.111244 0.029188
3 0.616328 0.560914 0.111842 0.030457
21 0.552632 0.681472 0.241627 0.162437
20 0.552033 0.588198 0.287081 0.648477