0 0.011663 0.057741 0.022129 0.029188
0 0.037978 0.057741 0.030502 0.029188
0 0.071471 0.058376 0.036483 0.027919
0 0.104067 0.057741 0.028708 0.026650
0 0.127990 0.057107 0.019139 0.025381
0 0.149222 0.057107 0.023325 0.025381
0 0.175538 0.057741 0.029306 0.024112
0 0.096292 0.090102 0.143541 0.035533
0 0.096292 0.122462 0.143541 0.029188
0 0.095993 0.156091 0.144139 0.038071
0 0.096292 0.195431 0.143541 0.040609
0 0.096292 0.232234 0.143541 0.032995
0 0.096292 0.269670 0.143541 0.039340
0 0.095694 0.306472 0.144737 0.034264
0 0.095395 0.345812 0.146531 0.041878
0 0.095395 0.376904 0.123804 0.025381
7 0.097189 0.204949 0.152512 0.336294
31 0.291268 0.094543 0.023923 0.041878
19 0.556220 0.095178 0.020335 0.040609
19 0.532895 0.095178 0.023923 0.043147
19 0.508074 0.094543 0.026914 0.041878
19 0.472488 0.093909 0.025120 0.043147
19 0.448864 0.093909 0.024522 0.045685
19 0.422249 0.095178 0.025120 0.043147
19 0.396531 0.093909 0.023923 0.043147
19 0.369916 0.093909 0.025718 0.040609
19 0.343900 0.092005 0.025120 0.041878
19 0.317584 0.094543 0.025120 0.041878
23 0.193481 0.094543 0.025718 0.041878
19 0.222189 0.093909 0.024522 0.043147
19 0.255981 0.094543 0.022727 0.041878
28 0.016447 0.094543 0.016148 0.041878