0 0.011663 0.057741 0.022129 0.029188
0 0.037978 0.057741 0.030502 0.029188
0 0.071471 0.058376 0.036483 0.027919
0 0.104067 0.057741 0.028708 0.026650
0 0.127990 0.057107 0.019139 0.025381
0 0.149222 0.057107 0.023325 0.025381
0 0.175538 0.057741 0.029306 0.024112
31 0.291268 0.094543 0.023923 0.041878
19 0.556220 0.095178 0.020335 0.040609
19 0.532895 0.095178 0.023923 0.043147
19 0.508074 0.094543 0.026914 0.041878
19 0.472488 0.093909 0.025120 0.043147
19 0.448864 0.093909 0.024522 0.045685
19 0.422249 0.095178 0.025120 0.043147
19 0.396531 0.093909 0.023923 0.043147
19 0.369916 0.093909 0.025718 0.040609
19 0.343900 0.092005 0.025120 0.041878
19 0.317584 0.094543 0.025120 0.041878
23 0.193481 0.094543 0.025718 0.041878
19 0.222189 0.093909 0.024522 0.043147
19 0.255981 0.094543 0.022727 0.041878
28 0.020634 0.095178 0.024522 0.040609
24 0.121411 0.095812 0.021531 0.039340
24 0.145634 0.095812 0.020933 0.039340
23 0.169258 0.093909 0.019139 0.040609
19 0.045455 0.094543 0.022727 0.039340
19 0.068780 0.095178 0.022727 0.040609
19 0.093900 0.093909 0.023923 0.040609
0 0.099282 0.189086 0.131579 0.022843
0 0.099282 0.212563 0.131579 0.021574
0 0.098983 0.236041 0.132177 0.022843
0 0.098684 0.282360 0.129187 0.019036
0 0.098684 0.303934 0.127990 0.024112
0 0.098086 0.328046 0.127990 0.024112
0 0.097488 0.351523 0.126794 0.022843
0 0.097488 0.375000 0.126794 0.024112
0 0.418660 0.744924 0.065789 0.043147
0 0.578050 0.745558 0.066388 0.049492
2 0.401316 0.229061 0.014354 0.031726
2 0.401017 0.262056 0.014952 0.031726
2 0.401316 0.294416 0.014354 0.030457
3 0.519139 0.373096 0.175837 0.043147
3 0.519139 0.444162 0.175837 0.038071
3 0.518840 0.480330 0.175239 0.034264
3 0.518541 0.518401 0.175837 0.041878
3 0.519438 0.592640 0.175239 0.043147
3 0.519139 0.663706 0.175837 0.040609
20 0.498505 0.456853 0.249402 0.690355
22 0.599282 0.148477 0.019139 0.035533
29 0.561603 0.145305 0.015550 0.034264
33 0.035885 0.166244 0.069378 0.030457
33 0.026914 0.258883 0.050239 0.027919