22 0.906400 0.034264 0.017344 0.032995
22 0.636364 0.354695 0.019139 0.034264
22 0.913577 0.634518 0.019737 0.035533
22 0.358254 0.076142 0.019139 0.035533
22 0.358852 0.633249 0.019139 0.035533
22 0.636663 0.076142 0.020933 0.035533
22 0.913577 0.076777 0.019737 0.036802
0 0.136065 0.572335 0.063995 0.045685
0 0.200060 0.571066 0.063995 0.048223
0 0.264055 0.570431 0.063995 0.046954
0 0.328648 0.571066 0.063995 0.050761
0 0.348684 0.147208 0.016746 0.032995
0 0.348684 0.493020 0.017943 0.031726
0 0.337620 0.118655 0.013756 0.034264
0 0.351675 0.118020 0.014354 0.032995
0 0.337919 0.677030 0.015550 0.036802
0 0.352572 0.675761 0.013756 0.036802
0 0.135467 0.848350 0.065191 0.046954
0 0.200060 0.847716 0.063995 0.048223
0 0.264354 0.847081 0.064593 0.049492
0 0.328648 0.845812 0.063995 0.049492
0 0.413876 0.293147 0.064593 0.048223
0 0.478170 0.293147 0.063995 0.050761
0 0.542165 0.293147 0.063995 0.050761
0 0.606459 0.292513 0.064593 0.049492
0 0.616627 0.119289 0.015550 0.035533
0 0.629785 0.118655 0.014354 0.034264
0 0.616029 0.398477 0.015550 0.032995
0 0.630981 0.398477 0.013158 0.032995
0 0.626794 0.426396 0.017943 0.027919
0 0.603768 0.494924 0.017344 0.022843
0 0.413577 0.571701 0.065191 0.046954
0 0.478170 0.571701 0.063995 0.046954
0 0.542763 0.571701 0.065191 0.049492
0 0.607057 0.571066 0.064593 0.048223
22 0.913876 0.353426 0.020335 0.036802
22 0.637261 0.633883 0.020933 0.036802
0 0.413577 0.848350 0.065191 0.046954
0 0.478170 0.847716 0.063995 0.048223
0 0.542464 0.847716 0.064593 0.050761
0 0.606758 0.847081 0.063995 0.049492
0 0.691687 0.294416 0.065191 0.045685
0 0.755682 0.293782 0.063995 0.044416
0 0.819677 0.293782 0.063995 0.046954
0 0.904007 0.147843 0.017344 0.029188
0 0.893840 0.120558 0.014952 0.032995
0 0.907895 0.119289 0.013158 0.030457
0 0.893242 0.398477 0.014952 0.032995
0 0.907596 0.398477 0.013756 0.032995
0 0.691687 0.573604 0.065191 0.045685
0 0.755981 0.574239 0.063397 0.046954
0 0.819677 0.572335 0.063995 0.045685
0 0.883373 0.572970 0.064593 0.044416
0 0.691986 0.847716 0.064593 0.048223
0 0.755981 0.847716 0.064593 0.048223
0 0.819976 0.846447 0.063397 0.050761
0 0.883971 0.847716 0.064593 0.048223
3 0.307117 0.170685 0.059211 0.029188
3 0.306818 0.201142 0.058612 0.029188
3 0.246411 0.532995 0.227273 0.038071
3 0.246112 0.807741 0.226675 0.036802
3 0.525120 0.808376 0.227273 0.043147
3 0.802632 0.808376 0.226077 0.038071
3 0.524821 0.532995 0.226675 0.038071
3 0.553529 0.465736 0.123804 0.027919
3 0.525120 0.253173 0.227273 0.036802
3 0.543959 0.187817 0.169258 0.027919
3 0.543660 0.217640 0.168660 0.031726
3 0.845395 0.187183 0.095096 0.029188
3 0.845096 0.216371 0.094498 0.029188
3 0.802333 0.255711 0.226675 0.039340
3 0.843900 0.437183 0.124402 0.029188
3 0.843600 0.467005 0.123804 0.030457
3 0.802632 0.534264 0.226077 0.040609
0 0.883074 0.293782 0.065191 0.046954
4 0.284689 0.258249 0.015550 0.026650
4 0.284689 0.286802 0.015550 0.027919
4 0.284390 0.315355 0.014952 0.026650
4 0.284689 0.344543 0.013158 0.029188
4 0.251196 0.744924 0.014354 0.030457
4 0.788278 0.496193 0.014354 0.030457
5 0.553828 0.498096 0.124402 0.034264
9 0.348684 0.414975 0.017943 0.139594
9 0.348684 0.322970 0.019139 0.379442
9 0.626495 0.475888 0.018541 0.076142
9 0.626196 0.464467 0.021531 0.106599
9 0.903708 0.197335 0.017943 0.077411
9 0.903708 0.185914 0.022727 0.105330
12 0.154605 0.121193 0.083134 0.036802
12 0.227871 0.121193 0.076555 0.034264
12 0.299043 0.121827 0.071770 0.032995
12 0.157596 0.678934 0.072368 0.035533
12 0.229964 0.679569 0.080742 0.034264
12 0.300538 0.679569 0.065191 0.034264
12 0.433313 0.121827 0.081938 0.035533
12 0.506878 0.122462 0.075957 0.034264
12 0.577153 0.122462 0.070574 0.034264
12 0.433014 0.401015 0.081340 0.035533
12 0.507775 0.400381 0.076555 0.036802
12 0.576256 0.400381 0.068780 0.036802
12 0.709928 0.121827 0.082536 0.038071
12 0.783493 0.121827 0.074163 0.038071
12 0.852871 0.121827 0.072967 0.038071
12 0.696471 0.400381 0.073565 0.039340
12 0.765251 0.399746 0.077153 0.038071
12 0.843600 0.399746 0.090311 0.038071
13 0.223086 0.120558 0.226077 0.048223
13 0.501794 0.121827 0.226077 0.048223
13 0.778409 0.121827 0.225478 0.050761
13 0.773923 0.401650 0.233254 0.049492
13 0.501196 0.400381 0.222488 0.049492
13 0.226376 0.677665 0.214713 0.048223
0 0.011364 0.057107 0.022727 0.030457
0 0.037679 0.056472 0.029904 0.031726
0 0.070873 0.057741 0.036483 0.029188
28 0.020634 0.096447 0.022129 0.038071
19 0.045754 0.096447 0.020933 0.040609
19 0.068780 0.095812 0.019139 0.039340
33 0.037978 0.165609 0.069976 0.026650
33 0.037081 0.257614 0.069378 0.025381
0 0.063098 0.189086 0.059211 0.022843
0 0.063696 0.213198 0.061603 0.020305
0 0.063098 0.236041 0.059211 0.022843
0 0.062799 0.282995 0.057416 0.022843
0 0.062799 0.305203 0.056220 0.019036
0 0.062500 0.327411 0.058014 0.022843
0 0.062799 0.352157 0.059809 0.021574
0 0.063696 0.376269 0.060407 0.024112
20 0.510766 0.456218 0.845694 0.904822
21 0.226675 0.439721 0.229665 0.110406