0 0.011663 0.057741 0.022129 0.029188
0 0.037978 0.057741 0.030502 0.029188
0 0.071471 0.058376 0.036483 0.027919
0 0.104067 0.057741 0.028708 0.026650
0 0.127990 0.057107 0.019139 0.025381
0 0.149222 0.057107 0.023325 0.025381
0 0.175538 0.057741 0.029306 0.024112
31 0.291268 0.094543 0.023923 0.041878
19 0.556220 0.095178 0.020335 0.040609
19 0.532895 0.095178 0.023923 0.043147
19 0.508074 0.094543 0.026914 0.041878
19 0.472488 0.093909 0.025120 0.043147
19 0.448864 0.093909 0.024522 0.045685
19 0.422249 0.095178 0.025120 0.043147
19 0.396531 0.093909 0.023923 0.043147
19 0.369916 0.093909 0.025718 0.040609
19 0.343900 0.092005 0.025120 0.041878
19 0.317584 0.094543 0.025120 0.041878
23 0.193481 0.094543 0.025718 0.041878
19 0.222189 0.093909 0.024522 0.043147
19 0.255981 0.094543 0.022727 0.041878
28 0.020634 0.095178 0.024522 0.040609
24 0.121411 0.095812 0.021531 0.039340
24 0.145634 0.095812 0.020933 0.039340
23 0.169258 0.093909 0.019139 0.040609
19 0.045455 0.094543 0.022727 0.039340
19 0.068780 0.095178 0.022727 0.040609
19 0.093900 0.093909 0.023923 0.040609
0 0.099282 0.189086 0.131579 0.022843
0 0.099282 0.212563 0.131579 0.021574
0 0.098983 0.236041 0.132177 0.022843
0 0.097488 0.375000 0.126794 0.024112
33 0.035885 0.166244 0.069378 0.030457
33 0.026914 0.258883 0.050239 0.027919
0 0.096890 0.400381 0.126794 0.024112
0 0.107656 0.305203 0.113636 0.024112
33 0.091507 0.282995 0.145933 0.022843
0 0.107356 0.351523 0.114234 0.022843
33 0.091208 0.328680 0.144139 0.022843
0 0.097189 0.424492 0.126196 0.021574
22 0.624701 0.299492 0.020933 0.032995
29 0.586722 0.301396 0.014354 0.034264
0 0.621711 0.346447 0.017344 0.030457
0 0.622010 0.642766 0.017943 0.031726
0 0.395036 0.684645 0.055622 0.036802
0 0.453648 0.684010 0.055622 0.038071
0 0.544856 0.683376 0.057416 0.039340
0 0.603469 0.684010 0.057416 0.040609
9 0.622309 0.438452 0.019737 0.156091
9 0.622309 0.494924 0.023325 0.337563
0 0.491627 0.347081 0.242823 0.024112
0 0.491328 0.371827 0.243421 0.022843
0 0.491328 0.395305 0.243421 0.021574
0 0.491926 0.418147 0.243421 0.021574
0 0.491328 0.440990 0.242225 0.021574
0 0.490431 0.464467 0.241627 0.022843
0 0.490730 0.487310 0.242225 0.022843
0 0.491029 0.511421 0.242823 0.022843
0 0.490730 0.534264 0.241029 0.020305
0 0.490431 0.557107 0.240431 0.022843
0 0.489833 0.579949 0.240431 0.022843
0 0.490132 0.602792 0.241029 0.022843
0 0.490431 0.626904 0.240431 0.022843
20 0.499103 0.500635 0.298445 0.470812