0 0.011663 0.057741 0.022129 0.029188
0 0.037978 0.057741 0.030502 0.029188
0 0.071471 0.058376 0.036483 0.027919
0 0.104067 0.057741 0.028708 0.026650
0 0.127990 0.057107 0.019139 0.025381
0 0.149222 0.057107 0.023325 0.025381
0 0.175538 0.057741 0.029306 0.024112
31 0.291268 0.094543 0.023923 0.041878
19 0.556220 0.095178 0.020335 0.040609
19 0.532895 0.095178 0.023923 0.043147
19 0.508074 0.094543 0.026914 0.041878
19 0.472488 0.093909 0.025120 0.043147
19 0.448864 0.093909 0.024522 0.045685
19 0.422249 0.095178 0.025120 0.043147
19 0.396531 0.093909 0.023923 0.043147
19 0.369916 0.093909 0.025718 0.040609
19 0.343900 0.092005 0.025120 0.041878
19 0.317584 0.094543 0.025120 0.041878
23 0.193481 0.094543 0.025718 0.041878
19 0.222189 0.093909 0.024522 0.043147
19 0.255981 0.094543 0.022727 0.041878
28 0.020634 0.095178 0.024522 0.040609
24 0.121411 0.095812 0.021531 0.039340
24 0.145634 0.095812 0.020933 0.039340
23 0.169258 0.093909 0.019139 0.040609
19 0.045455 0.094543 0.022727 0.039340
19 0.068780 0.095178 0.022727 0.040609
19 0.093900 0.093909 0.023923 0.040609
0 0.099282 0.189086 0.131579 0.022843
0 0.099282 0.212563 0.131579 0.021574
0 0.098983 0.236041 0.132177 0.022843
0 0.098086 0.328046 0.127990 0.024112
0 0.097488 0.351523 0.126794 0.022843
0 0.097488 0.375000 0.126794 0.024112
33 0.035885 0.166244 0.069378 0.030457
33 0.026914 0.258883 0.050239 0.027919
0 0.096890 0.400381 0.126794 0.024112
0 0.107656 0.305203 0.113636 0.024112
33 0.091507 0.282995 0.145933 0.022843
22 0.669258 0.295051 0.022727 0.036802
0 0.552333 0.781726 0.262560 0.048223
0 0.453947 0.862310 0.065789 0.046954
0 0.519737 0.861675 0.065789 0.048223
0 0.584928 0.862310 0.064593 0.049492
0 0.650120 0.861041 0.065789 0.046954
3 0.567285 0.823604 0.231459 0.038071
4 0.569677 0.414340 0.016148 0.029188
0 0.660885 0.345812 0.016746 0.034264
0 0.674342 0.345812 0.014952 0.034264
12 0.539474 0.347716 0.238038 0.050761
20 0.552033 0.583122 0.284689 0.653553
3 0.617524 0.475254 0.110646 0.036802
21 0.554127 0.596447 0.245813 0.167513
12 0.467703 0.347081 0.092105 0.039340
12 0.549641 0.345812 0.086124 0.039340
12 0.622608 0.346447 0.068182 0.040609