0 0.011663 0.057741 0.022129 0.029188
0 0.037978 0.057741 0.030502 0.029188
0 0.071471 0.058376 0.036483 0.027919
0 0.104067 0.057741 0.028708 0.026650
0 0.127990 0.057107 0.019139 0.025381
0 0.149222 0.057107 0.023325 0.025381
0 0.175538 0.057741 0.029306 0.024112
31 0.291268 0.094543 0.023923 0.041878
19 0.556220 0.095178 0.020335 0.040609
19 0.532895 0.095178 0.023923 0.043147
19 0.508074 0.094543 0.026914 0.041878
19 0.472488 0.093909 0.025120 0.043147
19 0.448864 0.093909 0.024522 0.045685
19 0.422249 0.095178 0.025120 0.043147
19 0.396531 0.093909 0.023923 0.043147
19 0.369916 0.093909 0.025718 0.040609
19 0.343900 0.092005 0.025120 0.041878
19 0.317584 0.094543 0.025120 0.041878
19 0.222189 0.093909 0.024522 0.043147
19 0.255981 0.094543 0.022727 0.041878
28 0.018541 0.095178 0.021531 0.043147
19 0.043361 0.093909 0.022129 0.040609
0 0.122309 0.091371 0.136962 0.035533
0 0.122608 0.129442 0.137560 0.038071
0 0.215909 0.133249 0.047847 0.032995
0 0.123206 0.168782 0.138756 0.043147
0 0.122907 0.209391 0.140550 0.035533
0 0.122907 0.248731 0.139354 0.040609
0 0.123206 0.289975 0.139952 0.039340
0 0.122907 0.329949 0.141746 0.040609
0 0.123505 0.369289 0.141746 0.035533
0 0.123206 0.406726 0.142344 0.039340
0 0.123206 0.448604 0.143541 0.041878
7 0.124701 0.257614 0.147727 0.441624
8 0.209330 0.133249 0.065789 0.038071
0 0.042464 0.189086 0.021531 0.022843
0 0.041866 0.211929 0.021531 0.017766
0 0.042464 0.236041 0.020335 0.022843
0 0.043062 0.282360 0.017943 0.021574
0 0.043361 0.305203 0.018541 0.024112
0 0.042763 0.328680 0.017344 0.020305
0 0.042464 0.352157 0.015550 0.026650
0 0.043361 0.376904 0.017344 0.022843
33 0.027512 0.165609 0.052632 0.024112
33 0.026316 0.257614 0.049043 0.025381