4 0.318182 0.970812 0.016746 0.032995
4 0.409390 0.970178 0.016148 0.034264
4 0.479366 0.970812 0.016148 0.038071
31 0.076854 0.968909 0.028110 0.049492
29 0.047847 0.968909 0.027512 0.049492
19 0.017943 0.969543 0.027512 0.050761
19 0.186005 0.968909 0.058612 0.052030
19 0.231758 0.968274 0.030502 0.048223
0 0.125299 0.134518 0.249402 0.065990
0 0.124701 0.202411 0.249402 0.069797
0 0.125299 0.272843 0.249402 0.071066
0 0.125299 0.343909 0.250598 0.068528
0 0.125000 0.414340 0.250000 0.072335
0 0.125000 0.485406 0.250000 0.069797
0 0.125000 0.554569 0.250000 0.071066
0 0.125000 0.625635 0.250000 0.068528
0 0.125000 0.693528 0.250000 0.069797
0 0.125000 0.765228 0.248804 0.073604
0 0.125000 0.835025 0.250000 0.065990
0 0.125598 0.904188 0.248804 0.072335
19 0.285885 0.208756 0.029904 0.052030
19 0.317883 0.208756 0.029306 0.052030
19 0.956938 0.416244 0.061005 0.050761
19 0.957237 0.463832 0.060407 0.044416
19 0.956938 0.510152 0.062201 0.048223
2 0.279605 0.378173 0.016148 0.025381
2 0.279306 0.404822 0.016746 0.027919
2 0.279306 0.434645 0.016746 0.029188
3 0.319378 0.493020 0.038278 0.036802
6 0.330742 0.491751 0.014354 0.034264
0 0.330742 0.484772 0.016746 0.017766
0 0.330144 0.501269 0.015550 0.015228