17 0.448266 0.887056 0.119019 0.032995
4 0.318182 0.970812 0.016746 0.032995
4 0.409390 0.970178 0.016148 0.034264
4 0.479366 0.970812 0.016148 0.038071
31 0.076854 0.968909 0.028110 0.049492
29 0.047847 0.968909 0.027512 0.049492
19 0.017943 0.969543 0.027512 0.050761
19 0.186005 0.968909 0.058612 0.052030
19 0.231758 0.968274 0.030502 0.048223
0 0.104366 0.682107 0.201555 0.062183
0 0.061304 0.750635 0.114234 0.049492
0 0.037081 0.818528 0.066986 0.045685
0 0.030203 0.885787 0.053230 0.048223
0 0.254187 0.084391 0.107656 0.062183
0 0.276017 0.154188 0.109450 0.059645
0 0.297847 0.220812 0.107656 0.058376
0 0.326854 0.284898 0.107057 0.059645
0 0.353170 0.349619 0.108254 0.059645
0 0.384569 0.418147 0.111244 0.062183
0 0.418660 0.481599 0.117225 0.062183
0 0.456938 0.546954 0.111244 0.065990
0 0.501495 0.616117 0.110646 0.067259
0 0.544856 0.681472 0.108852 0.063452
0 0.599282 0.748731 0.112440 0.071066
0 0.653708 0.818528 0.108852 0.065990
0 0.712620 0.887056 0.113038 0.071066