4 0.318182 0.970812 0.016746 0.032995
4 0.409390 0.970178 0.016148 0.034264
4 0.479366 0.970812 0.016148 0.038071
31 0.076854 0.968909 0.028110 0.049492
29 0.047847 0.968909 0.027512 0.049492
19 0.017943 0.969543 0.027512 0.050761
19 0.186005 0.968909 0.058612 0.052030
19 0.231758 0.968274 0.030502 0.048223
17 0.594498 0.197970 0.172249 0.030457
4 0.019139 0.730330 0.015550 0.029188
5 0.264354 0.187817 0.456938 0.040609
5 0.130084 0.569162 0.170455 0.039340
2 0.523923 0.440355 0.016746 0.030457
2 0.523624 0.465736 0.017344 0.030457
2 0.523624 0.496193 0.017344 0.030457
3 0.471890 0.249365 0.044258 0.054569
3 0.463517 0.568528 0.044258 0.053299
0 0.485945 0.239848 0.013756 0.025381
0 0.485646 0.260787 0.013158 0.019036
0 0.476974 0.557741 0.013756 0.024112
0 0.477871 0.579949 0.014354 0.020305
6 0.485646 0.248731 0.017943 0.053299
6 0.477871 0.568528 0.017943 0.055838
2 0.515849 0.687183 0.018541 0.031726
2 0.755383 0.688452 0.017943 0.031726
0 0.306818 0.272208 0.016746 0.026650
0 0.307117 0.526015 0.017344 0.031726
9 0.306818 0.351523 0.017943 0.032995
9 0.306220 0.401015 0.020335 0.289340
5 0.179127 0.392132 0.284091 0.322335
0 0.168959 0.526015 0.257775 0.029188
0 0.168062 0.497462 0.255981 0.030457
0 0.168062 0.467640 0.255981 0.026650
0 0.168361 0.439721 0.256579 0.026650
0 0.168062 0.412437 0.255981 0.027919
0 0.167763 0.385152 0.255383 0.026650
0 0.168660 0.357868 0.257177 0.027919
0 0.168062 0.330584 0.255981 0.029188
0 0.168062 0.302030 0.255981 0.027919
0 0.168361 0.273477 0.257775 0.026650