4 0.318182 0.970812 0.016746 0.032995
4 0.409390 0.970178 0.016148 0.034264
4 0.479366 0.970812 0.016148 0.038071
31 0.076854 0.968909 0.028110 0.049492
29 0.047847 0.968909 0.027512 0.049492
19 0.017943 0.969543 0.027512 0.050761
19 0.186005 0.968909 0.058612 0.052030
19 0.231758 0.968274 0.030502 0.048223
0 0.125299 0.134518 0.249402 0.065990
0 0.124701 0.202411 0.249402 0.069797
0 0.125299 0.272843 0.249402 0.071066
0 0.125299 0.343909 0.250598 0.068528
0 0.125000 0.414340 0.250000 0.072335
0 0.125000 0.485406 0.250000 0.069797
0 0.125000 0.554569 0.250000 0.071066
0 0.125000 0.625635 0.250000 0.068528
0 0.125000 0.693528 0.250000 0.069797
0 0.125000 0.765228 0.248804 0.073604
0 0.125000 0.835025 0.250000 0.065990
0 0.125598 0.904188 0.248804 0.072335
19 0.278110 0.178934 0.029904 0.050761
19 0.303230 0.179569 0.028708 0.052030
19 0.626196 0.501269 0.059809 0.053299
3 0.549940 0.260152 0.156100 0.088832
3 0.702452 0.260152 0.153708 0.088832
3 0.549342 0.342005 0.154904 0.085025
3 0.548744 0.426396 0.154904 0.086294
3 0.702452 0.344543 0.152512 0.082487
3 0.702452 0.426396 0.153708 0.086294