4 0.318182 0.970812 0.016746 0.032995
4 0.409390 0.970178 0.016148 0.034264
4 0.479366 0.970812 0.016148 0.038071
31 0.076854 0.968909 0.028110 0.049492
29 0.047847 0.968909 0.027512 0.049492
19 0.017943 0.969543 0.027512 0.050761
19 0.186005 0.968909 0.058612 0.052030
19 0.231758 0.968274 0.030502 0.048223
12 0.029007 0.133883 0.058014 0.079949
12 0.079844 0.133249 0.059211 0.078680
13 0.057117 0.133883 0.114234 0.102792
17 0.608553 0.486041 0.160885 0.027919
17 0.623505 0.538071 0.189593 0.032995
17 0.729665 0.757614 0.087321 0.030457