4 0.318182 0.970812 0.016746 0.032995
4 0.409390 0.970178 0.016148 0.034264
4 0.479366 0.970812 0.016148 0.038071
31 0.076854 0.968909 0.028110 0.049492
29 0.047847 0.968909 0.027512 0.049492
19 0.017943 0.969543 0.027512 0.050761
19 0.186005 0.968909 0.058612 0.052030
19 0.231758 0.968274 0.030502 0.048223
0 0.126794 0.350888 0.252392 0.178934
0 0.127093 0.184645 0.251794 0.161168
0 0.127093 0.519670 0.252990 0.178934
0 0.126794 0.687183 0.253589 0.181472
0 0.126495 0.859772 0.252990 0.178934
3 0.290371 0.119924 0.049641 0.036802
3 0.470694 0.120558 0.293062 0.038071
3 0.670156 0.120558 0.049641 0.035533
3 0.849880 0.120558 0.291866 0.038071
3 0.290371 0.178299 0.050837 0.036802
3 0.470395 0.178299 0.292464 0.039340
3 0.670156 0.177665 0.049641 0.038071
3 0.850478 0.178299 0.290670 0.039340
3 0.290969 0.234772 0.052033 0.040609
3 0.470395 0.236675 0.291268 0.041878
21 0.625897 0.560914 0.741029 0.243655