4 0.318182 0.970812 0.016746 0.032995
4 0.409390 0.970178 0.016148 0.034264
4 0.479366 0.970812 0.016148 0.038071
31 0.076854 0.968909 0.028110 0.049492
29 0.047847 0.968909 0.027512 0.049492
19 0.017943 0.969543 0.027512 0.050761
19 0.186005 0.968909 0.058612 0.052030
19 0.231758 0.968274 0.030502 0.048223
0 0.125000 0.693528 0.250000 0.069797
0 0.125000 0.765228 0.248804 0.073604
0 0.125000 0.835025 0.250000 0.065990
0 0.125598 0.904188 0.248804 0.072335
3 0.441089 0.641497 0.369019 0.034264
3 0.811603 0.192259 0.369617 0.034264
3 0.811304 0.303934 0.370215 0.036802
3 0.811005 0.417513 0.370813 0.038071
3 0.810407 0.529822 0.370813 0.039340
3 0.811304 0.641497 0.370215 0.036802
0 0.126495 0.637056 0.252990 0.043147
3 0.515251 0.191624 0.221890 0.035533
3 0.514952 0.304569 0.221292 0.035533
3 0.515550 0.416244 0.221292 0.035533
3 0.516148 0.528553 0.222488 0.036802
0 0.226376 0.585025 0.068780 0.040609
0 0.296950 0.585660 0.069976 0.041878
0 0.367225 0.585660 0.069378 0.041878
0 0.346292 0.283629 0.071770 0.044416
0 0.345694 0.326142 0.070574 0.040609
0 0.353170 0.402284 0.016148 0.015228
0 0.352871 0.417513 0.015550 0.015228
0 0.041866 0.247462 0.011962 0.022843
0 0.372010 0.246827 0.014354 0.026650
2 0.039474 0.406726 0.014354 0.029188
2 0.040371 0.437183 0.014952 0.029188
2 0.040072 0.468274 0.014354 0.032995
2 0.130981 0.436548 0.014354 0.027919
3 0.165670 0.470812 0.081340 0.040609
3 0.342105 0.409898 0.041866 0.045685
4 0.252392 0.285533 0.016746 0.032995
4 0.247608 0.470178 0.016746 0.031726
4 0.042763 0.203680 0.014952 0.031726
6 0.352871 0.409264 0.020335 0.039340
0 0.305622 0.152284 0.142344 0.030457
0 0.305323 0.178934 0.142943 0.022843
0 0.305323 0.203046 0.141746 0.025381
0 0.135167 0.152284 0.175837 0.027919
0 0.134868 0.179569 0.175239 0.024112
0 0.135167 0.205584 0.174641 0.027919
12 0.035586 0.081853 0.048445 0.041878
13 0.037081 0.079949 0.056220 0.055838
9 0.206639 0.248096 0.111842 0.036802
9 0.207237 0.248096 0.349880 0.039340
22 0.391148 0.041878 0.015550 0.030457
20 0.207237 0.319162 0.407297 0.612944