30 0.852871 0.136421 0.026316 0.044416
22 0.974880 0.026015 0.037081 0.044416
32 0.914175 0.023477 0.035287 0.041878
0 0.892045 0.137690 0.034091 0.057107
0 0.932117 0.135152 0.026914 0.046954
0 0.145335 0.137056 0.034689 0.050761
0 0.104964 0.134518 0.036483 0.050761
0 0.026316 0.131980 0.025120 0.043147
12 0.156100 0.082487 0.309809 0.053299
3 0.437799 0.135787 0.529904 0.050761
3 0.790371 0.135787 0.147727 0.040609
0 0.974581 0.130711 0.041268 0.053299
0 0.973086 0.206218 0.037081 0.049492
0 0.970096 0.949239 0.039474 0.078680
0 0.610347 0.078680 0.028110 0.035533
0 0.645634 0.084391 0.025718 0.041878
0 0.673744 0.138325 0.025718 0.030457
0 0.691388 0.136421 0.011962 0.029188
0 0.062500 0.130711 0.020933 0.050761
12 0.465311 0.077411 0.315789 0.038071