0 0.329844 0.079315 0.034091 0.052030
0 0.299940 0.079315 0.025718 0.046954
0 0.693182 0.133249 0.021531 0.040609
0 0.671352 0.130711 0.022129 0.038071
30 0.852871 0.136421 0.026316 0.044416
0 0.974880 0.127538 0.038278 0.046954
22 0.974880 0.026015 0.037081 0.044416
32 0.914175 0.023477 0.035287 0.041878
0 0.892045 0.137690 0.034091 0.057107
0 0.932117 0.135152 0.026914 0.046954
0 0.145335 0.137056 0.034689 0.050761
0 0.104964 0.134518 0.036483 0.050761
0 0.061304 0.133249 0.026914 0.043147
0 0.026316 0.131980 0.025120 0.043147
12 0.156100 0.082487 0.309809 0.053299
3 0.437799 0.135787 0.529904 0.050761
3 0.790371 0.135787 0.147727 0.040609
13 0.180622 0.083122 0.358852 0.039340
0 0.499402 0.650381 0.133971 0.036802
0 0.676734 0.723350 0.129785 0.040609
3 0.495215 0.608503 0.503589 0.041878