22 0.710526 0.020305 0.028708 0.038071
0 0.718900 0.133249 0.040670 0.050761
34 0.623505 0.552030 0.229067 0.885787
0 0.623804 0.185279 0.224880 0.045685
0 0.621411 0.222081 0.229665 0.027919
0 0.620514 0.256980 0.227871 0.041878
0 0.621112 0.299492 0.226675 0.043147
0 0.621411 0.342005 0.228469 0.039340
0 0.621411 0.385152 0.228469 0.046954
0 0.622907 0.427030 0.227871 0.046954
0 0.622608 0.472716 0.227273 0.046954
0 0.623505 0.518401 0.229067 0.044416
0 0.623804 0.564086 0.229665 0.039340
0 0.623505 0.605964 0.226675 0.041878
0 0.622907 0.652919 0.227871 0.052030
0 0.625000 0.703680 0.230861 0.039340
0 0.624103 0.738579 0.233852 0.032995
0 0.620813 0.777919 0.227273 0.045685
0 0.622010 0.815990 0.226077 0.030457
0 0.622010 0.853426 0.226077 0.044416
0 0.622907 0.893401 0.224282 0.035533
0 0.621411 0.930203 0.224880 0.050761
0 0.622608 0.968274 0.228469 0.043147
12 0.156100 0.078046 0.311005 0.052030
12 0.470694 0.083756 0.311005 0.058376
0 0.641148 0.077411 0.034689 0.045685
22 0.607656 0.076777 0.023923 0.029188
22 0.294258 0.083756 0.026316 0.030457
13 0.332536 0.078046 0.660287 0.049492
0 0.145933 0.133883 0.029904 0.041878
0 0.103170 0.135787 0.029306 0.045685
0 0.060706 0.130711 0.028110 0.040609
0 0.023624 0.133883 0.023325 0.044416
0 0.635467 0.130711 0.029306 0.053299
0 0.677632 0.132614 0.023923 0.046954
0 0.491926 0.132614 0.017344 0.039340
0 0.468900 0.134518 0.021531 0.030457
3 0.339115 0.134518 0.334928 0.045685
3 0.560407 0.132614 0.095694 0.044416
30 0.593002 0.131980 0.022129 0.035533
32 0.657895 0.022843 0.027512 0.030457
8 0.824761 0.854695 0.226077 0.272843
0 0.833433 0.807741 0.194378 0.029188
0 0.834330 0.842640 0.197368 0.038071
0 0.835526 0.888959 0.198565 0.036802
0 0.834928 0.925761 0.199761 0.036802
0 0.833134 0.965102 0.198565 0.039340