0 0.031100 0.060279 0.045455 0.034264
0 0.067883 0.061548 0.028110 0.031726
0 0.098385 0.060914 0.032895 0.032995
0 0.140550 0.062183 0.051435 0.032995
0 0.189593 0.061548 0.046651 0.031726
0 0.227273 0.062817 0.028708 0.034264
12 0.753589 0.180203 0.162679 0.055838
12 0.908792 0.180203 0.164474 0.055838
13 0.832237 0.181472 0.327153 0.071066
31 0.330144 0.107868 0.033493 0.055838
19 0.692883 0.225254 0.023325 0.036802
19 0.715012 0.225888 0.020933 0.035533
19 0.738636 0.226523 0.021531 0.034264
19 0.761364 0.225254 0.021531 0.036802
31 0.790072 0.226523 0.022727 0.039340
19 0.060706 0.579315 0.020933 0.036802
19 0.085227 0.579315 0.018541 0.039340
28 0.037679 0.578680 0.022727 0.040609
19 0.025419 0.879442 0.019737 0.038071
19 0.044856 0.880076 0.014354 0.034264
19 0.059211 0.879442 0.014354 0.032995
19 0.074462 0.879442 0.013756 0.035533
19 0.088816 0.881980 0.014952 0.032995
19 0.931519 0.879442 0.014952 0.025381
19 0.944976 0.880076 0.011962 0.026650
19 0.961124 0.880076 0.013158 0.029188
19 0.973983 0.879442 0.012560 0.030457
19 0.029904 0.109137 0.039474 0.063452
28 0.037380 0.265863 0.023325 0.039340
19 0.061603 0.264594 0.020335 0.039340
19 0.085227 0.265228 0.022129 0.040609
19 0.339115 0.234137 0.021531 0.039340
15 0.357356 0.182107 0.014952 0.036802
15 0.407596 0.182107 0.119019 0.039340
0 0.593301 0.182741 0.027512 0.030457
0 0.613038 0.184010 0.027512 0.032995
0 0.633074 0.184010 0.026914 0.030457
0 0.652213 0.184645 0.025718 0.031726
24 0.069976 0.110406 0.034689 0.060914
19 0.106459 0.111041 0.034689 0.062183
19 0.143840 0.111675 0.035287 0.060914
22 0.178828 0.110406 0.033493 0.063452
12 0.242524 0.184010 0.159689 0.055838
12 0.091208 0.184010 0.160885 0.055838
13 0.165969 0.185279 0.315191 0.071066
5 0.167464 0.535533 0.290670 0.043147
19 0.218600 0.112310 0.038876 0.059645
19 0.255682 0.111041 0.034091 0.062183
19 0.291567 0.109137 0.035287 0.060914
22 0.625299 0.251904 0.018541 0.034264
20 0.501495 0.500635 0.281699 0.564721
0 0.501196 0.524112 0.063397 0.040609
0 0.501495 0.563452 0.063995 0.038071
0 0.418959 0.603426 0.062799 0.039340
0 0.501196 0.604061 0.100478 0.038071
0 0.583732 0.603426 0.064593 0.039340
0 0.501495 0.724619 0.063995 0.043147
12 0.399522 0.358503 0.047847 0.044416
12 0.438696 0.359137 0.050837 0.043147
13 0.420754 0.359137 0.093900 0.060914