0 0.031100 0.060279 0.045455 0.034264
0 0.067883 0.061548 0.028110 0.031726
0 0.098385 0.060914 0.032895 0.032995
0 0.140550 0.062183 0.051435 0.032995
0 0.189593 0.061548 0.046651 0.031726
0 0.227273 0.062817 0.028708 0.034264
12 0.753589 0.180203 0.162679 0.055838
12 0.908792 0.180203 0.164474 0.055838
13 0.832237 0.181472 0.327153 0.071066
19 0.290670 0.109137 0.035885 0.058376
19 0.255084 0.107868 0.032895 0.063452
31 0.330144 0.107868 0.033493 0.055838
19 0.692883 0.225254 0.023325 0.036802
19 0.715012 0.225888 0.020933 0.035533
19 0.738636 0.226523 0.021531 0.034264
19 0.761364 0.225254 0.021531 0.036802
31 0.790072 0.226523 0.022727 0.039340
19 0.060706 0.579315 0.020933 0.036802
19 0.085227 0.579315 0.018541 0.039340
28 0.037679 0.578680 0.022727 0.040609
19 0.025419 0.879442 0.019737 0.038071
19 0.044856 0.880076 0.014354 0.034264
19 0.059211 0.879442 0.014354 0.032995
19 0.074462 0.879442 0.013756 0.035533
19 0.088816 0.881980 0.014952 0.032995
19 0.931519 0.879442 0.014952 0.025381
19 0.944976 0.880076 0.011962 0.026650
19 0.961124 0.880076 0.013158 0.029188
19 0.973983 0.879442 0.012560 0.030457
19 0.029904 0.109137 0.039474 0.063452
28 0.037380 0.265863 0.023325 0.039340
19 0.061603 0.264594 0.020335 0.039340
19 0.085227 0.265228 0.022129 0.040609
24 0.070873 0.111041 0.038876 0.059645
19 0.107057 0.112310 0.033493 0.059645
19 0.142344 0.110406 0.034689 0.058376
22 0.177333 0.111041 0.031699 0.062183
12 0.091208 0.180838 0.159689 0.049492
12 0.241627 0.180838 0.160287 0.049492
13 0.166567 0.182107 0.315191 0.064721
22 0.639354 0.191624 0.015550 0.032995
20 0.501794 0.499365 0.311005 0.684010
0 0.500897 0.653553 0.063995 0.045685
0 0.599581 0.718909 0.069976 0.046954
0 0.546950 0.793147 0.062799 0.043147
0 0.610945 0.794416 0.065191 0.045685
0 0.591806 0.527284 0.063995 0.044416
0 0.613337 0.244289 0.023325 0.039340
0 0.630682 0.244289 0.023325 0.039340
0 0.602871 0.391497 0.014354 0.016497
0 0.602871 0.408629 0.014354 0.015228
0 0.602273 0.432741 0.014354 0.017766
0 0.602273 0.449239 0.014354 0.017766
6 0.603170 0.399112 0.018541 0.041878
6 0.602871 0.441624 0.017943 0.043147
3 0.572368 0.399746 0.083732 0.043147
3 0.572069 0.442893 0.083134 0.043147
4 0.381579 0.287437 0.016746 0.031726
4 0.381878 0.328046 0.017344 0.031726
3 0.469498 0.527919 0.180622 0.045685
3 0.543361 0.614213 0.054426 0.045685
0 0.561603 0.605330 0.013158 0.017766
0 0.562201 0.623096 0.014354 0.017766
6 0.562500 0.614848 0.018541 0.044416
12 0.386065 0.244924 0.050837 0.043147
12 0.424043 0.244289 0.043062 0.041878
12 0.466806 0.244924 0.059211 0.040609
12 0.522129 0.244289 0.068182 0.039340
12 0.577751 0.244289 0.058612 0.039340
13 0.483254 0.244289 0.252392 0.057107
19 0.218002 0.112310 0.040072 0.062183
5 0.166866 0.535533 0.289474 0.043147
19 0.337919 0.234772 0.021531 0.038071