0 0.031100 0.060279 0.045455 0.034264
0 0.067883 0.061548 0.028110 0.031726
0 0.098385 0.060914 0.032895 0.032995
0 0.140550 0.062183 0.051435 0.032995
0 0.189593 0.061548 0.046651 0.031726
0 0.227273 0.062817 0.028708 0.034264
0 0.090311 0.092005 0.160287 0.031726
0 0.090012 0.126269 0.159689 0.031726
0 0.090909 0.159264 0.160287 0.031726
0 0.090610 0.191624 0.159689 0.032995
0 0.090012 0.225254 0.159689 0.031726
0 0.090311 0.258249 0.159091 0.031726
0 0.091208 0.288706 0.160885 0.034264
0 0.090610 0.325508 0.160885 0.036802
0 0.255383 0.192893 0.169856 0.035533
0 0.255682 0.225888 0.169258 0.032995
5 0.166866 0.533629 0.293062 0.046954
7 0.090311 0.196701 0.169856 0.319797
8 0.249701 0.211294 0.188397 0.079949
12 0.753589 0.180203 0.162679 0.055838
12 0.908792 0.180203 0.164474 0.055838
13 0.832237 0.181472 0.327153 0.071066
15 0.357656 0.181472 0.016746 0.043147
15 0.407297 0.182107 0.119617 0.052030
19 0.290670 0.109137 0.035885 0.058376
19 0.255084 0.107868 0.032895 0.063452
19 0.219199 0.110406 0.035287 0.060914
22 0.185407 0.111675 0.026316 0.058376
31 0.330144 0.107868 0.033493 0.055838
0 0.593002 0.182107 0.025718 0.039340
0 0.613038 0.182107 0.025120 0.041878
0 0.633373 0.182107 0.026316 0.041878
0 0.652213 0.181472 0.024522 0.043147
19 0.692883 0.225254 0.023325 0.036802
19 0.715012 0.225888 0.020933 0.035533
19 0.738636 0.226523 0.021531 0.034264
19 0.761364 0.225254 0.021531 0.036802
31 0.790072 0.226523 0.022727 0.039340
19 0.060706 0.579315 0.020933 0.036802
19 0.085227 0.579315 0.018541 0.039340
28 0.037679 0.578680 0.022727 0.040609
19 0.025419 0.879442 0.019737 0.038071
19 0.044856 0.880076 0.014354 0.034264
19 0.059211 0.879442 0.014354 0.032995
19 0.074462 0.879442 0.013756 0.035533
19 0.088816 0.881980 0.014952 0.032995
19 0.931519 0.879442 0.014952 0.025381
19 0.944976 0.880076 0.011962 0.026650
19 0.961124 0.880076 0.013158 0.029188
19 0.973983 0.879442 0.012560 0.030457