0 0.042165 0.067259 0.058014 0.038071
0 0.091806 0.067893 0.040072 0.036802
0 0.133971 0.067893 0.043062 0.039340
0 0.189294 0.068528 0.066388 0.038071
0 0.254785 0.067893 0.064593 0.039340
0 0.306818 0.068528 0.038278 0.043147
0 0.632476 0.206853 0.034091 0.040609
0 0.659689 0.207487 0.035885 0.041878
0 0.686902 0.208756 0.036483 0.039340
0 0.712321 0.210025 0.035885 0.041878
5 0.138457 0.257614 0.236244 0.058376
5 0.138158 0.319797 0.222488 0.058376
12 0.802931 0.206218 0.126196 0.062183
12 0.915670 0.205584 0.135167 0.060914
12 0.197368 0.204949 0.131579 0.067259
12 0.078050 0.204315 0.130981 0.068528
13 0.138756 0.206853 0.255981 0.083756
13 0.862440 0.206853 0.253589 0.081218
15 0.385766 0.206853 0.163876 0.043147
19 0.040371 0.125000 0.049641 0.069797
19 0.394139 0.123096 0.049043 0.063452
19 0.345395 0.123096 0.046053 0.065990
19 0.296651 0.123096 0.050239 0.068528
19 0.191687 0.123096 0.042464 0.068528
19 0.143242 0.125635 0.052033 0.063452
20 0.500000 0.500000 0.435407 0.230964
22 0.240431 0.125000 0.047847 0.072335
24 0.093600 0.124365 0.050837 0.065990
31 0.447667 0.124365 0.047249 0.065990
19 0.772428 0.302665 0.025718 0.046954
19 0.773026 0.421954 0.031699 0.044416
19 0.080443 0.371827 0.028110 0.045685
19 0.112739 0.371193 0.022129 0.046954
28 0.049940 0.371193 0.026914 0.046954
19 0.286782 0.266497 0.026914 0.053299
19 0.033493 0.859137 0.026316 0.040609
19 0.060407 0.861041 0.017943 0.034264
19 0.077452 0.859772 0.016148 0.036802
19 0.100478 0.862310 0.019139 0.039340
19 0.118421 0.861675 0.017943 0.032995
19 0.902213 0.860406 0.018541 0.035533
19 0.921053 0.858503 0.016746 0.034264
19 0.942285 0.861041 0.017344 0.036802
19 0.961124 0.861675 0.019139 0.030457
15 0.312799 0.208756 0.021531 0.054569
0 0.500000 0.555838 0.088517 0.055838
22 0.688397 0.425127 0.022727 0.043147
22 0.655801 0.251269 0.022129 0.040609
0 0.501794 0.741117 0.092105 0.053299
0 0.615431 0.295685 0.096890 0.050761
0 0.615730 0.342005 0.096292 0.046954
0 0.452751 0.326777 0.224880 0.036802
20 0.501495 0.498731 0.349880 0.576142