0 0.031100 0.060279 0.045455 0.034264
0 0.067883 0.061548 0.028110 0.031726
0 0.098385 0.060914 0.032895 0.032995
0 0.140550 0.062183 0.051435 0.032995
0 0.189593 0.061548 0.046651 0.031726
0 0.227273 0.062817 0.028708 0.034264
12 0.753589 0.180203 0.162679 0.055838
12 0.908792 0.180203 0.164474 0.055838
13 0.832237 0.181472 0.327153 0.071066
19 0.290670 0.109137 0.035885 0.058376
31 0.330144 0.107868 0.033493 0.055838
19 0.692883 0.225254 0.023325 0.036802
19 0.715012 0.225888 0.020933 0.035533
19 0.738636 0.226523 0.021531 0.034264
19 0.761364 0.225254 0.021531 0.036802
31 0.790072 0.226523 0.022727 0.039340
19 0.060706 0.579315 0.020933 0.036802
19 0.085227 0.579315 0.018541 0.039340
28 0.037679 0.578680 0.022727 0.040609
19 0.025419 0.879442 0.019737 0.038071
19 0.044856 0.880076 0.014354 0.034264
19 0.059211 0.879442 0.014354 0.032995
19 0.074462 0.879442 0.013756 0.035533
19 0.088816 0.881980 0.014952 0.032995
19 0.931519 0.879442 0.014952 0.025381
19 0.944976 0.880076 0.011962 0.026650
19 0.961124 0.880076 0.013158 0.029188
19 0.973983 0.879442 0.012560 0.030457
19 0.029904 0.109137 0.039474 0.063452
28 0.037380 0.265863 0.023325 0.039340
19 0.061603 0.264594 0.020335 0.039340
19 0.085227 0.265228 0.022129 0.040609
19 0.339115 0.234137 0.021531 0.039340
15 0.357356 0.182107 0.014952 0.036802
15 0.407596 0.182107 0.119019 0.039340
0 0.593301 0.182741 0.027512 0.030457
0 0.613038 0.184010 0.027512 0.032995
0 0.633074 0.184010 0.026914 0.030457
0 0.652213 0.184645 0.025718 0.031726
0 0.168660 0.094543 0.175837 0.034264
0 0.168660 0.125000 0.175837 0.026650
0 0.168660 0.154188 0.175837 0.026650
0 0.168959 0.184010 0.176435 0.032995
0 0.168660 0.221447 0.174641 0.039340
7 0.169856 0.144670 0.184211 0.218274
4 0.092404 0.093909 0.017344 0.030457
4 0.092105 0.125000 0.016746 0.024112
4 0.092105 0.153553 0.016746 0.027919
4 0.093301 0.184010 0.017943 0.030457
4 0.092404 0.220178 0.016148 0.031726
24 0.066089 0.114213 0.028110 0.065990
5 0.167464 0.536168 0.290670 0.041878