19 0.294557 0.111675 0.025718 0.048223
19 0.331938 0.119924 0.028708 0.041878
19 0.376495 0.116117 0.034091 0.041878
19 0.412380 0.114848 0.032895 0.062183
19 0.450060 0.118020 0.032895 0.048223
19 0.920754 0.119289 0.032895 0.040609
0 0.601974 0.118020 0.017344 0.022843
20 0.160885 0.874365 0.320574 0.238579
22 0.970395 0.021574 0.023325 0.035533
22 0.311603 0.368020 0.016746 0.025381
22 0.310407 0.564721 0.015550 0.020305
22 0.308911 0.774746 0.016148 0.026650
20 0.161782 0.449239 0.321172 0.192893
20 0.160885 0.649746 0.318182 0.197970
28 0.032297 0.117386 0.022727 0.046954
24 0.877392 0.119924 0.019139 0.041878
0 0.308911 0.206218 0.017344 0.021574
0 0.308911 0.297589 0.014952 0.019036
0 0.288278 0.326142 0.011962 0.025381
0 0.013158 0.332487 0.022727 0.020305
0 0.308911 0.734772 0.014952 0.027919
0 0.011065 0.731599 0.014952 0.016497
9 0.310706 0.253807 0.017344 0.114213
9 0.309809 0.235406 0.015550 0.031726
9 0.148923 0.330584 0.289474 0.029188
9 0.098684 0.329315 0.148325 0.024112
9 0.160586 0.731599 0.311603 0.031726
9 0.083433 0.732868 0.113038 0.024112
5 0.568780 0.122462 0.087321 0.031726
0 0.850778 0.119924 0.016148 0.024112
5 0.750598 0.120558 0.222488 0.032995
21 0.652512 0.564721 0.651914 0.812183
0 0.023026 0.065355 0.031699 0.031726
0 0.064892 0.067893 0.040072 0.024112
0 0.152213 0.108503 0.201555 0.036802
0 0.151615 0.147208 0.202751 0.040609
0 0.152213 0.181472 0.203947 0.027919
0 0.154605 0.213832 0.199163 0.036802
0 0.121112 0.069162 0.056818 0.039340
0 0.178529 0.062817 0.048445 0.039340
0 0.229366 0.064721 0.040072 0.040609
7 0.156400 0.143401 0.226675 0.182741
32 0.287978 0.774112 0.012560 0.020305
32 0.290072 0.564721 0.015550 0.022843
32 0.290969 0.369924 0.014952 0.021574
32 0.911782 0.029188 0.017344 0.038071