19 0.109151 0.119289 0.031699 0.050761
19 0.160885 0.121193 0.029904 0.062183
19 0.201256 0.123096 0.034091 0.050761
19 0.243421 0.119924 0.035885 0.054569
19 0.294557 0.111675 0.025718 0.048223
19 0.331938 0.119924 0.028708 0.041878
19 0.376495 0.116117 0.034091 0.041878
19 0.412380 0.114848 0.032895 0.062183
19 0.450060 0.118020 0.032895 0.048223
19 0.920754 0.119289 0.032895 0.040609
0 0.601974 0.118020 0.017344 0.022843
28 0.032297 0.117386 0.022727 0.046954
24 0.877392 0.119924 0.019139 0.041878
24 0.068481 0.118020 0.029306 0.053299
0 0.013158 0.332487 0.022727 0.020305
0 0.011065 0.731599 0.014952 0.016497
5 0.568780 0.122462 0.087321 0.031726
0 0.850778 0.119924 0.016148 0.024112
5 0.750598 0.120558 0.222488 0.032995
29 0.765251 0.194162 0.022129 0.035533
0 0.759569 0.307741 0.127990 0.034264
0 0.759868 0.389594 0.129785 0.032995
0 0.759569 0.472081 0.127990 0.038071
0 0.758971 0.554569 0.130383 0.032995
0 0.760467 0.636421 0.129785 0.034264
0 0.761065 0.718274 0.127392 0.035533
0 0.759270 0.796320 0.129785 0.034264
22 0.823266 0.192259 0.026914 0.031726
20 0.443481 0.534264 0.815191 0.730964