19 0.294557 0.111675 0.025718 0.048223
19 0.331938 0.119924 0.028708 0.041878
19 0.376495 0.116117 0.034091 0.041878
19 0.412380 0.114848 0.032895 0.062183
19 0.450060 0.118020 0.032895 0.048223
19 0.920754 0.119289 0.032895 0.040609
0 0.601974 0.118020 0.017344 0.022843
20 0.160885 0.874365 0.320574 0.238579
22 0.970395 0.021574 0.023325 0.035533
22 0.311603 0.368020 0.016746 0.025381
22 0.310407 0.564721 0.015550 0.020305
22 0.308911 0.774746 0.016148 0.026650
20 0.161782 0.449239 0.321172 0.192893
20 0.160885 0.649746 0.318182 0.197970
24 0.877392 0.119924 0.019139 0.041878
0 0.308911 0.206218 0.017344 0.021574
0 0.308911 0.297589 0.014952 0.019036
0 0.288278 0.326142 0.011962 0.025381
0 0.013158 0.332487 0.022727 0.020305
0 0.308911 0.734772 0.014952 0.027919
0 0.011065 0.731599 0.014952 0.016497
9 0.310706 0.253807 0.017344 0.114213
9 0.309809 0.235406 0.015550 0.031726
9 0.148923 0.330584 0.289474 0.029188
9 0.098684 0.329315 0.148325 0.024112
9 0.160586 0.731599 0.311603 0.031726
9 0.083433 0.732868 0.113038 0.024112
5 0.568780 0.122462 0.087321 0.031726
0 0.850778 0.119924 0.016148 0.024112
5 0.750598 0.120558 0.222488 0.032995
21 0.652512 0.564721 0.651914 0.812183
0 0.023325 0.064721 0.044258 0.032995
0 0.068182 0.065990 0.037081 0.038071
0 0.119916 0.067893 0.047249 0.031726
0 0.182117 0.065355 0.043660 0.041878
0 0.230861 0.060914 0.039474 0.038071
7 0.132177 0.143401 0.257177 0.185279
0 0.126495 0.100254 0.238636 0.030457
0 0.122010 0.142766 0.228469 0.026650
0 0.122907 0.177030 0.225478 0.026650
0 0.124402 0.211929 0.230861 0.027919
32 0.290371 0.777919 0.011364 0.030457
32 0.289773 0.563452 0.012560 0.022843
32 0.289773 0.365482 0.013756 0.025381
32 0.913876 0.022208 0.022727 0.029188