0 0.023923 0.479061 0.045455 0.072335
0 0.023923 0.548223 0.045455 0.063452
0 0.023923 0.833122 0.045455 0.072335
0 0.023923 0.899746 0.044258 0.063452
0 0.023624 0.963832 0.046053 0.069797
22 0.991926 0.133883 0.010167 0.024112
22 0.991926 0.418147 0.010167 0.021574
0 0.023923 0.346447 0.044258 0.065990
0 0.023923 0.412437 0.044258 0.063452
0 0.237739 0.557741 0.060407 0.041878
4 0.151615 0.557741 0.014952 0.031726
3 0.121411 0.557741 0.045455 0.036802
19 0.323266 0.095178 0.028110 0.040609
19 0.351376 0.095812 0.023325 0.039340
19 0.376495 0.094543 0.026914 0.039340
19 0.404605 0.095812 0.026914 0.041878
19 0.298445 0.095178 0.022727 0.040609
19 0.275419 0.094543 0.024522 0.041878
19 0.247907 0.095812 0.029306 0.044416
0 0.193182 0.248731 0.063397 0.043147
0 0.051435 0.196066 0.063397 0.044416
0 0.116029 0.195431 0.065789 0.043147
0 0.181818 0.195431 0.065789 0.045685
0 0.204545 0.083122 0.015550 0.031726
0 0.205144 0.160533 0.015550 0.026650
9 0.205144 0.109137 0.016746 0.032995
9 0.204844 0.119289 0.019737 0.109137
33 0.109151 0.085025 0.175239 0.027919
0 0.117524 0.111041 0.156100 0.024112
0 0.117823 0.135152 0.156699 0.024112
0 0.117524 0.161168 0.156100 0.025381