0 0.013457 0.058376 0.024522 0.025381
0 0.039773 0.057741 0.028110 0.024112
0 0.068780 0.057107 0.029904 0.022843
0 0.100778 0.057741 0.034091 0.024112
0 0.136364 0.057107 0.035885 0.022843
0 0.179127 0.057741 0.049641 0.024112
0 0.220096 0.057741 0.032297 0.024112
28 0.019139 0.096447 0.023923 0.048223
24 0.043660 0.094543 0.023923 0.046954
25 0.237440 0.093909 0.034689 0.045685
26 0.202153 0.092640 0.035885 0.045685
19 0.019139 0.142132 0.023923 0.045685
19 0.043361 0.140863 0.024522 0.045685
19 0.073864 0.140863 0.036483 0.043147
19 0.106459 0.140863 0.028708 0.040609
19 0.134270 0.142766 0.025718 0.041878
19 0.159091 0.142766 0.023923 0.041878
19 0.183911 0.142132 0.024522 0.040609
19 0.210825 0.142132 0.025718 0.040609
19 0.235646 0.140863 0.023923 0.043147
19 0.261364 0.142132 0.026316 0.040609
19 0.287679 0.142766 0.026316 0.039340
19 0.320873 0.142132 0.024522 0.043147
19 0.346292 0.141497 0.025120 0.044416
19 0.378589 0.140228 0.026316 0.044416
19 0.404306 0.140863 0.022727 0.043147
19 0.431220 0.142132 0.026316 0.048223
19 0.456938 0.142132 0.023923 0.045685
19 0.480861 0.142132 0.023923 0.040609
19 0.504486 0.142132 0.023325 0.040609
19 0.532596 0.142766 0.023325 0.041878
19 0.557117 0.142766 0.025718 0.041878
19 0.431220 0.095812 0.027512 0.044416
19 0.457237 0.095812 0.024522 0.044416
19 0.481758 0.096447 0.023325 0.043147
19 0.505383 0.096447 0.022727 0.043147
19 0.297847 0.097081 0.027512 0.044416
19 0.269737 0.095178 0.025120 0.045685
23 0.067285 0.092005 0.024522 0.049492
19 0.093600 0.094543 0.024522 0.049492
19 0.119916 0.093909 0.023325 0.050761
19 0.145933 0.095812 0.023923 0.052030
19 0.171053 0.093909 0.025120 0.050761
5 0.365132 0.095812 0.097488 0.039340
22 0.311603 0.180203 0.011962 0.025381
0 0.057117 0.270939 0.079545 0.036802
12 0.018840 0.447970 0.037679 0.035533
12 0.056519 0.447970 0.037679 0.038071
13 0.039474 0.447335 0.078947 0.049492
22 0.994019 0.956218 0.010766 0.024112
12 0.022129 0.678299 0.044258 0.044416
12 0.068481 0.678299 0.067584 0.044416
13 0.053529 0.677665 0.105861 0.060914
0 0.095395 0.918782 0.098684 0.043147
4 0.164773 0.882614 0.016148 0.031726
3 0.095395 0.792513 0.099880 0.036802
3 0.095694 0.823604 0.099282 0.035533
3 0.095993 0.854061 0.098684 0.035533
3 0.095694 0.884518 0.098086 0.038071
0 0.137560 0.786168 0.014354 0.019036
0 0.137859 0.799492 0.013756 0.017766
0 0.137560 0.817259 0.015550 0.015228
0 0.137859 0.828680 0.013756 0.017766
0 0.137261 0.846447 0.011364 0.017766
0 0.137560 0.856599 0.011962 0.015228
0 0.136962 0.877538 0.010766 0.013959
0 0.137560 0.887690 0.010766 0.016497
6 0.137560 0.791878 0.016746 0.038071
6 0.137261 0.824239 0.016148 0.031726
6 0.137560 0.856599 0.016746 0.030457
6 0.137560 0.886421 0.017943 0.029188
22 0.849581 0.957487 0.014952 0.026650
3 0.120215 0.510152 0.239234 0.035533
3 0.205144 0.793147 0.071770 0.035533
3 0.205144 0.824239 0.071770 0.031726
3 0.205144 0.852792 0.070574 0.032995
0 0.198266 0.916878 0.080742 0.039340
22 0.742823 0.209391 0.019139 0.035533
0 0.659988 0.897843 0.065191 0.041878
0 0.724581 0.898477 0.065191 0.043147
0 0.405801 0.253807 0.016148 0.030457
0 0.405801 0.861675 0.016148 0.030457
0 0.522727 0.290609 0.209330 0.032995
0 0.322368 0.289340 0.151914 0.025381
0 0.330144 0.314086 0.135167 0.026650
0 0.337022 0.366751 0.121411 0.027919
0 0.337022 0.390228 0.121411 0.026650
0 0.337321 0.416244 0.122010 0.025381
0 0.337321 0.468274 0.122010 0.025381
0 0.337919 0.519036 0.123206 0.025381
0 0.337321 0.545051 0.122010 0.026650
0 0.337321 0.595178 0.123206 0.022843
0 0.337321 0.619924 0.123206 0.026650
0 0.337022 0.645939 0.122608 0.025381
0 0.336722 0.671320 0.122010 0.025381
0 0.337022 0.697335 0.122608 0.024112
0 0.336722 0.722081 0.122010 0.025381
0 0.336722 0.748096 0.122010 0.026650
0 0.336722 0.774112 0.122010 0.025381
0 0.330144 0.798223 0.135167 0.025381
0 0.329844 0.822970 0.134569 0.024112
33 0.322368 0.338832 0.151914 0.025381
33 0.323266 0.848985 0.148923 0.027919
33 0.332237 0.440355 0.133373 0.025381
33 0.332237 0.493655 0.134569 0.025381
33 0.331340 0.569797 0.133971 0.027919
9 0.406400 0.517132 0.017344 0.501269
9 0.405801 0.556472 0.020933 0.645939
20 0.501794 0.559010 0.533493 0.757614