19 0.109151 0.119289 0.031699 0.050761
19 0.160885 0.121193 0.029904 0.062183
19 0.201256 0.123096 0.034091 0.050761
19 0.243421 0.119924 0.035885 0.054569
19 0.294557 0.111675 0.025718 0.048223
19 0.331938 0.119924 0.028708 0.041878
19 0.376495 0.116117 0.034091 0.041878
19 0.412380 0.114848 0.032895 0.062183
19 0.450060 0.118020 0.032895 0.048223
19 0.920754 0.119289 0.032895 0.040609
0 0.601974 0.118020 0.017344 0.022843
28 0.032297 0.117386 0.022727 0.046954
24 0.877392 0.119924 0.019139 0.041878
24 0.068481 0.118020 0.029306 0.053299
0 0.013158 0.332487 0.022727 0.020305
0 0.011065 0.731599 0.014952 0.016497
9 0.098684 0.329315 0.148325 0.024112
9 0.083433 0.732868 0.113038 0.024112
5 0.568780 0.122462 0.087321 0.031726
0 0.850778 0.119924 0.016148 0.024112
5 0.750598 0.120558 0.222488 0.032995
20 0.500000 0.503807 0.471292 0.576142
22 0.703648 0.241751 0.028110 0.034264
0 0.706938 0.332487 0.019139 0.025381
0 0.668062 0.744924 0.090909 0.035533
0 0.568182 0.741751 0.088517 0.039340
0 0.576256 0.333122 0.022129 0.024112
0 0.577452 0.504442 0.018541 0.026650
0 0.707536 0.499365 0.017943 0.029188
9 0.708134 0.421320 0.022727 0.197970
9 0.707237 0.373096 0.017344 0.043147
9 0.577751 0.417513 0.028708 0.200508
9 0.579246 0.394670 0.019737 0.032995
29 0.648026 0.236041 0.030502 0.032995