0 0.012261 0.057107 0.024522 0.027919
0 0.039175 0.057107 0.028110 0.027919
0 0.069976 0.057107 0.033493 0.027919
0 0.108852 0.057107 0.044258 0.027919
0 0.146232 0.057107 0.030502 0.027919
0 0.173445 0.376269 0.014354 0.031726
0 0.173445 0.162437 0.015550 0.027919
0 0.232356 0.817259 0.067584 0.027919
0 0.232057 0.843274 0.066986 0.026650
0 0.172847 0.950508 0.014354 0.027919
0 0.006579 0.952411 0.011962 0.026650
0 0.095096 0.770305 0.171053 0.030457
0 0.095096 0.797589 0.171053 0.024112
0 0.103170 0.873731 0.154904 0.024112
0 0.103170 0.897843 0.153708 0.026650
0 0.083433 0.163071 0.166866 0.026650
0 0.083134 0.189721 0.163876 0.026650
0 0.083134 0.215736 0.165072 0.025381
0 0.083433 0.241751 0.164474 0.026650
0 0.082835 0.266497 0.164474 0.022843
0 0.083433 0.291244 0.164474 0.026650
0 0.082835 0.317259 0.164474 0.025381
0 0.082835 0.342640 0.164474 0.025381
0 0.082835 0.368655 0.164474 0.026650
9 0.173445 0.189086 0.016746 0.035533
9 0.173445 0.270939 0.019139 0.250000
9 0.065789 0.953046 0.112440 0.032995
9 0.091507 0.952411 0.181818 0.039340
22 0.991926 0.134518 0.011364 0.022843
22 0.174940 0.134518 0.011364 0.022843
22 0.174641 0.419416 0.011962 0.024112
22 0.175239 0.708122 0.011962 0.022843
22 0.255682 0.149112 0.014952 0.026650
33 0.090909 0.822970 0.178230 0.029188
33 0.090610 0.848985 0.177632 0.025381
19 0.985646 0.094543 0.026316 0.041878
19 0.152213 0.095178 0.022129 0.038071
19 0.176734 0.096447 0.023325 0.038071
19 0.200359 0.095812 0.022727 0.036802
19 0.232356 0.096447 0.025718 0.040609
19 0.258074 0.096447 0.023325 0.040609
19 0.291268 0.094543 0.023923 0.041878
19 0.320873 0.097081 0.024522 0.044416
28 0.018242 0.095812 0.024522 0.041878
24 0.043062 0.095178 0.022727 0.040609
23 0.066986 0.094543 0.022727 0.041878
25 0.125000 0.093909 0.025120 0.040609
26 0.098086 0.094543 0.023923 0.041878
19 0.200359 0.148477 0.020335 0.038071
12 0.240431 0.150381 0.069378 0.049492
33 0.230263 0.790609 0.076555 0.027919