0 0.023923 0.479061 0.045455 0.072335
0 0.023923 0.548223 0.045455 0.063452
0 0.023923 0.833122 0.045455 0.072335
0 0.023923 0.899746 0.044258 0.063452
0 0.023624 0.963832 0.046053 0.069797
22 0.991926 0.133883 0.010167 0.024112
22 0.991926 0.418147 0.010167 0.021574
0 0.023923 0.346447 0.044258 0.065990
0 0.023923 0.412437 0.044258 0.063452
28 0.012560 0.096447 0.022727 0.043147
0 0.024522 0.154188 0.046651 0.069797
0 0.024821 0.218909 0.044856 0.072335
0 0.024222 0.282995 0.047249 0.060914
24 0.039175 0.093909 0.026914 0.040609
23 0.061902 0.094543 0.019737 0.041878
0 0.151316 0.057107 0.032297 0.027919
0 0.182416 0.057741 0.029904 0.029188
19 0.405502 0.097716 0.028708 0.040609
19 0.377392 0.096447 0.026316 0.040609
19 0.351675 0.095812 0.025120 0.039340
19 0.325060 0.094543 0.025718 0.039340
19 0.300837 0.095812 0.023923 0.039340
19 0.276316 0.095178 0.026316 0.043147
19 0.119318 0.095812 0.023325 0.044416
19 0.143242 0.095812 0.022129 0.041878
19 0.166567 0.096447 0.024522 0.040609
19 0.191986 0.096447 0.023923 0.043147
26 0.222787 0.097081 0.024522 0.039340
25 0.247907 0.097716 0.024522 0.038071
0 0.991029 0.161802 0.016746 0.026650
0 0.991029 0.357234 0.016746 0.026650
9 0.990431 0.270305 0.017943 0.149746
9 0.989234 0.262056 0.020335 0.224619
19 0.090311 0.095812 0.029904 0.049492
0 0.237440 0.557107 0.062201 0.045685
4 0.151914 0.557107 0.016746 0.032995
3 0.121711 0.557741 0.046053 0.036802
0 0.012560 0.057107 0.025120 0.027919
0 0.039773 0.057107 0.029306 0.027919
0 0.070574 0.057107 0.032297 0.027919
0 0.110646 0.057107 0.047847 0.027919