0 0.013457 0.058376 0.024522 0.025381
0 0.039773 0.057741 0.028110 0.024112
0 0.068780 0.057107 0.029904 0.022843
0 0.100778 0.057741 0.034091 0.024112
0 0.136364 0.057107 0.035885 0.022843
0 0.179127 0.057741 0.049641 0.024112
0 0.220096 0.057741 0.032297 0.024112
28 0.019139 0.096447 0.023923 0.048223
24 0.043660 0.094543 0.023923 0.046954
25 0.237440 0.093909 0.034689 0.045685
26 0.202153 0.092640 0.035885 0.045685
19 0.019139 0.142132 0.023923 0.045685
19 0.043361 0.140863 0.024522 0.045685
19 0.073864 0.140863 0.036483 0.043147
19 0.106459 0.140863 0.028708 0.040609
19 0.134270 0.142766 0.025718 0.041878
19 0.159091 0.142766 0.023923 0.041878
19 0.183911 0.142132 0.024522 0.040609
19 0.210825 0.142132 0.025718 0.040609
19 0.235646 0.140863 0.023923 0.043147
19 0.261364 0.142132 0.026316 0.040609
19 0.287679 0.142766 0.026316 0.039340
19 0.320873 0.142132 0.024522 0.043147
19 0.346292 0.141497 0.025120 0.044416
19 0.378589 0.140228 0.026316 0.044416
19 0.404306 0.140863 0.022727 0.043147
19 0.431220 0.142132 0.026316 0.048223
19 0.456938 0.142132 0.023923 0.045685
19 0.480861 0.142132 0.023923 0.040609
19 0.504486 0.142132 0.023325 0.040609
19 0.532596 0.142766 0.023325 0.041878
19 0.557117 0.142766 0.025718 0.041878
19 0.431220 0.095812 0.027512 0.044416
19 0.457237 0.095812 0.024522 0.044416
19 0.481758 0.096447 0.023325 0.043147
19 0.505383 0.096447 0.022727 0.043147
19 0.297847 0.097081 0.027512 0.044416
19 0.269737 0.095178 0.025120 0.045685
23 0.067285 0.092005 0.024522 0.049492
19 0.093600 0.094543 0.024522 0.049492
19 0.119916 0.093909 0.023325 0.050761
19 0.145933 0.095812 0.023923 0.052030
19 0.171053 0.093909 0.025120 0.050761
5 0.365132 0.095812 0.097488 0.039340
5 0.874103 0.975888 0.053230 0.038071
12 0.401316 0.199873 0.078947 0.054569
12 0.462919 0.199873 0.050239 0.052030
12 0.514055 0.200508 0.066388 0.050761
13 0.454545 0.200508 0.191388 0.063452
12 0.366926 0.939721 0.097488 0.049492
12 0.454844 0.939086 0.097488 0.048223
22 0.393541 0.940990 0.016746 0.029188
22 0.492225 0.940355 0.016746 0.027919
12 0.023026 0.213198 0.044856 0.048223
12 0.069378 0.213198 0.063397 0.045685
13 0.053230 0.213832 0.105263 0.067259
0 0.267943 0.736041 0.065789 0.045685
0 0.093301 0.837563 0.064593 0.043147
0 0.158194 0.837563 0.065191 0.048223
0 0.224282 0.838198 0.065789 0.046954
4 0.171651 0.418147 0.016746 0.029188
4 0.022727 0.736675 0.016746 0.034264
0 0.229366 0.452411 0.130981 0.044416
0 0.099581 0.453680 0.105861 0.041878
0 0.286184 0.323604 0.011364 0.015228
0 0.286184 0.334391 0.011364 0.013959
0 0.144438 0.321701 0.012560 0.013959
0 0.144139 0.333122 0.010766 0.013959
0 0.143840 0.352157 0.011364 0.013959
0 0.144139 0.361675 0.010766 0.012690
0 0.285586 0.350888 0.011364 0.013959
0 0.285586 0.362944 0.010167 0.012690
0 0.143541 0.380711 0.011962 0.015228
0 0.143840 0.393401 0.010167 0.012690
0 0.143840 0.412437 0.011364 0.015228
0 0.144139 0.423858 0.010766 0.012690
0 0.285885 0.381980 0.010766 0.012690
0 0.285586 0.391497 0.010167 0.013959
6 0.144139 0.326142 0.014354 0.030457
6 0.143840 0.357868 0.013756 0.027919
6 0.143840 0.389594 0.013756 0.027919
6 0.143840 0.418782 0.013756 0.030457
6 0.286184 0.328046 0.013756 0.031726
6 0.285885 0.357868 0.014354 0.027919
6 0.285885 0.386421 0.014354 0.029188
3 0.098684 0.327411 0.107656 0.038071
3 0.098684 0.357234 0.106459 0.034264
3 0.098684 0.388325 0.106459 0.032995
3 0.098684 0.418147 0.106459 0.034264
3 0.235048 0.326777 0.118421 0.034264
3 0.235048 0.355964 0.118421 0.034264
3 0.235048 0.388325 0.117225 0.032995
3 0.171651 0.618020 0.230861 0.035533
0 0.280203 0.612310 0.010167 0.016497
0 0.280801 0.623731 0.010167 0.013959
6 0.280203 0.617386 0.014952 0.034264
5 0.157895 0.549492 0.275120 0.081218
0 0.158194 0.551396 0.267344 0.019036
0 0.158194 0.571701 0.267344 0.021574