0 0.023923 0.479061 0.045455 0.072335
0 0.023923 0.548223 0.045455 0.063452
0 0.023923 0.833122 0.045455 0.072335
0 0.023923 0.899746 0.044258 0.063452
0 0.023624 0.963832 0.046053 0.069797
22 0.991926 0.133883 0.010167 0.024112
22 0.991926 0.418147 0.010167 0.021574
0 0.151017 0.055838 0.031699 0.027919
0 0.182416 0.055838 0.031100 0.027919
0 0.023923 0.346447 0.044258 0.065990
0 0.023923 0.412437 0.044258 0.063452
28 0.012560 0.096447 0.022727 0.043147
0 0.024522 0.154188 0.046651 0.069797
0 0.024821 0.218909 0.044856 0.072335
0 0.024222 0.282995 0.047249 0.060914
24 0.039175 0.093909 0.026914 0.040609
23 0.061902 0.094543 0.019737 0.041878
0 0.237739 0.557741 0.060407 0.041878
4 0.151615 0.557741 0.014952 0.031726
3 0.121411 0.557741 0.045455 0.036802
19 0.090311 0.094543 0.027512 0.044416
19 0.118421 0.095178 0.026316 0.045685
19 0.323266 0.095178 0.028110 0.040609
19 0.351376 0.095812 0.023325 0.039340
19 0.376495 0.094543 0.026914 0.039340
19 0.404605 0.095812 0.026914 0.041878
19 0.297847 0.094543 0.021531 0.041878
19 0.275419 0.093909 0.024522 0.040609
19 0.143541 0.094543 0.022727 0.046954
19 0.166866 0.095178 0.022727 0.045685
19 0.191687 0.095178 0.026914 0.043147
25 0.247309 0.095812 0.024522 0.039340
26 0.221591 0.096447 0.023325 0.040609
0 0.012859 0.056472 0.025718 0.034264
0 0.039773 0.055838 0.028110 0.032995
0 0.069976 0.055203 0.032297 0.031726
0 0.110347 0.055838 0.048445 0.032995
22 0.643541 0.235406 0.019139 0.036802
29 0.606160 0.234772 0.016148 0.032995
20 0.511065 0.586929 0.318780 0.777919
0 0.624103 0.927030 0.066388 0.041878
0 0.411782 0.322335 0.046053 0.106599
0 0.411483 0.424492 0.045455 0.095178
0 0.558612 0.926396 0.064593 0.043147
0 0.633672 0.685279 0.011364 0.015228
0 0.633373 0.699239 0.011962 0.015228
0 0.633672 0.719543 0.011364 0.015228
0 0.633373 0.731599 0.010766 0.013959
6 0.633373 0.691624 0.011962 0.030457
6 0.633074 0.723350 0.012560 0.032995
3 0.626196 0.725254 0.029904 0.034264
3 0.626196 0.692259 0.029904 0.034264
4 0.480263 0.442259 0.014354 0.029188
4 0.480562 0.473985 0.014952 0.029188
4 0.480263 0.550761 0.015550 0.030457
4 0.480562 0.581853 0.014952 0.029188
4 0.480562 0.613579 0.014952 0.031726
5 0.599880 0.329315 0.084928 0.036802
5 0.599581 0.363579 0.084330 0.036802
5 0.572368 0.731599 0.078947 0.118020
0 0.572667 0.713198 0.074761 0.020305
0 0.572967 0.732868 0.075359 0.019036
0 0.572667 0.751269 0.074761 0.017766
0 0.572368 0.770305 0.074163 0.020305