19 0.294557 0.111675 0.025718 0.048223
19 0.331938 0.119924 0.028708 0.041878
19 0.376495 0.116117 0.034091 0.041878
19 0.412380 0.114848 0.032895 0.062183
19 0.450060 0.118020 0.032895 0.048223
19 0.920754 0.119289 0.032895 0.040609
0 0.601974 0.118020 0.017344 0.022843
22 0.970395 0.021574 0.023325 0.035533
28 0.032297 0.117386 0.022727 0.046954
24 0.877392 0.119924 0.019139 0.041878
5 0.568780 0.122462 0.087321 0.031726
0 0.850778 0.119924 0.016148 0.024112
5 0.750598 0.120558 0.222488 0.032995
21 0.652512 0.564721 0.651914 0.812183
0 0.011663 0.356599 0.022129 0.022843
0 0.287081 0.352792 0.017943 0.027919
0 0.308612 0.324873 0.021531 0.025381
0 0.309211 0.427030 0.021531 0.021574
0 0.308911 0.532360 0.020933 0.026650
0 0.309211 0.758249 0.019139 0.021574
0 0.013158 0.756980 0.020335 0.026650
9 0.308612 0.481599 0.021531 0.138325
9 0.308313 0.473985 0.017344 0.052030
9 0.158493 0.356599 0.316986 0.032995
9 0.097189 0.354695 0.150120 0.031726
9 0.160287 0.756980 0.316986 0.036802
9 0.083433 0.758249 0.120215 0.029188
20 0.162679 0.464467 0.319378 0.182741
20 0.161483 0.669416 0.318182 0.222081
20 0.160885 0.885787 0.319378 0.205584
22 0.309211 0.395939 0.014354 0.025381
22 0.309809 0.574873 0.013158 0.025381
22 0.308911 0.796954 0.013756 0.025381
0 0.025718 0.064086 0.031100 0.026650
0 0.066687 0.068528 0.041268 0.030457
0 0.117524 0.070431 0.054426 0.031726
0 0.176435 0.065990 0.043062 0.025381
0 0.231758 0.070431 0.032895 0.034264
0 0.154904 0.102157 0.208134 0.036802
0 0.154605 0.139594 0.208732 0.038071
0 0.153110 0.178934 0.204545 0.043147
0 0.154007 0.217640 0.202751 0.034264
0 0.347189 0.218274 0.162081 0.030457
0 0.348684 0.254442 0.160287 0.041878
7 0.156100 0.147843 0.222488 0.181472
8 0.335526 0.244289 0.193780 0.085025
32 0.288876 0.397843 0.014354 0.021574
32 0.289773 0.574873 0.014952 0.017766
32 0.290371 0.798858 0.013756 0.024112
32 0.913876 0.028553 0.032297 0.036802