19 0.109151 0.119289 0.031699 0.050761
19 0.412380 0.114848 0.032895 0.062183
19 0.450060 0.118020 0.032895 0.048223
19 0.920754 0.119289 0.032895 0.040609
0 0.601974 0.118020 0.017344 0.022843
20 0.160885 0.874365 0.320574 0.238579
22 0.970395 0.021574 0.023325 0.035533
22 0.311603 0.368020 0.016746 0.025381
22 0.310407 0.564721 0.015550 0.020305
22 0.308911 0.774746 0.016148 0.026650
20 0.161782 0.449239 0.321172 0.192893
20 0.160885 0.649746 0.318182 0.197970
28 0.032297 0.117386 0.022727 0.046954
24 0.877392 0.119924 0.019139 0.041878
24 0.068481 0.118020 0.029306 0.053299
0 0.013158 0.332487 0.022727 0.020305
0 0.308911 0.734772 0.014952 0.027919
0 0.011065 0.731599 0.014952 0.016497
9 0.160586 0.731599 0.311603 0.031726
9 0.083433 0.732868 0.113038 0.024112
5 0.568780 0.122462 0.087321 0.031726
0 0.850778 0.119924 0.016148 0.024112
5 0.750598 0.120558 0.222488 0.032995
21 0.652512 0.564721 0.651914 0.812183
0 0.023624 0.065355 0.035287 0.026650
0 0.069677 0.066624 0.030502 0.031726
0 0.119318 0.067259 0.044856 0.030457
0 0.181220 0.065990 0.055024 0.032995
0 0.230263 0.063452 0.037081 0.032995
0 0.276914 0.107234 0.234450 0.046954
0 0.280203 0.145939 0.227871 0.030457
0 0.276316 0.181472 0.220096 0.040609
0 0.278708 0.223350 0.215311 0.043147
0 0.280502 0.265228 0.218900 0.040609
0 0.287679 0.299492 0.204545 0.027919
0 0.292165 0.326142 0.213517 0.025381
7 0.275120 0.204315 0.244019 0.302030
32 0.288577 0.566624 0.014952 0.026650
32 0.288876 0.367386 0.016746 0.019036
32 0.287978 0.777284 0.014952 0.024112
32 0.912978 0.026015 0.024522 0.034264