0 0.013457 0.058376 0.024522 0.025381
0 0.039773 0.057741 0.028110 0.024112
0 0.068780 0.057107 0.029904 0.022843
0 0.100778 0.057741 0.034091 0.024112
0 0.136364 0.057107 0.035885 0.022843
0 0.179127 0.057741 0.049641 0.024112
0 0.220096 0.057741 0.032297 0.024112
25 0.237440 0.093909 0.034689 0.045685
26 0.202153 0.092640 0.035885 0.045685
19 0.183911 0.142132 0.024522 0.040609
19 0.210825 0.142132 0.025718 0.040609
19 0.235646 0.140863 0.023923 0.043147
19 0.261364 0.142132 0.026316 0.040609
19 0.287679 0.142766 0.026316 0.039340
19 0.320873 0.142132 0.024522 0.043147
19 0.346292 0.141497 0.025120 0.044416
19 0.378589 0.140228 0.026316 0.044416
19 0.404306 0.140863 0.022727 0.043147
19 0.431220 0.142132 0.026316 0.048223
19 0.456938 0.142132 0.023923 0.045685
19 0.480861 0.142132 0.023923 0.040609
19 0.504486 0.142132 0.023325 0.040609
19 0.532596 0.142766 0.023325 0.041878
19 0.557117 0.142766 0.025718 0.041878
19 0.431220 0.095812 0.027512 0.044416
19 0.457237 0.095812 0.024522 0.044416
19 0.481758 0.096447 0.023325 0.043147
19 0.505383 0.096447 0.022727 0.043147
19 0.297847 0.097081 0.027512 0.044416
19 0.269737 0.095178 0.025120 0.045685
5 0.365132 0.095812 0.097488 0.039340
22 0.251495 0.940990 0.016148 0.026650
12 0.221591 0.942259 0.087919 0.044416
12 0.315789 0.940990 0.107656 0.044416
22 0.349880 0.941624 0.013158 0.025381
5 0.874103 0.975888 0.053230 0.038071
12 0.262261 0.204315 0.079545 0.055838
12 0.321770 0.203680 0.049043 0.054569
12 0.374701 0.203046 0.065191 0.053299
13 0.314892 0.202411 0.190789 0.067259
0 0.086124 0.087563 0.172249 0.035533
0 0.086124 0.121827 0.172249 0.032995
0 0.086124 0.156091 0.169856 0.035533
0 0.086423 0.189086 0.170455 0.030457
0 0.085825 0.223350 0.171651 0.038071
0 0.086423 0.257614 0.171651 0.030457
0 0.086124 0.286802 0.172249 0.027919
0 0.086423 0.316624 0.171651 0.031726
0 0.086722 0.348985 0.171053 0.032995
0 0.086124 0.380076 0.171053 0.029188
0 0.086124 0.408629 0.172249 0.027919
0 0.086423 0.439721 0.171651 0.034264
0 0.086423 0.475888 0.171651 0.035533
0 0.087022 0.508883 0.171651 0.030457
0 0.086423 0.540609 0.171651 0.032995
0 0.086423 0.574873 0.171651 0.035533
0 0.086124 0.613579 0.172249 0.044416
7 0.089414 0.342640 0.177632 0.616751