0 0.023923 0.479061 0.045455 0.072335
0 0.023923 0.548223 0.045455 0.063452
0 0.023923 0.833122 0.045455 0.072335
0 0.023923 0.899746 0.044258 0.063452
0 0.023624 0.963832 0.046053 0.069797
22 0.991926 0.133883 0.010167 0.024112
22 0.991926 0.418147 0.010167 0.021574
0 0.151017 0.055838 0.031699 0.027919
0 0.182416 0.055838 0.031100 0.027919
0 0.023923 0.346447 0.044258 0.065990
0 0.023923 0.412437 0.044258 0.063452
28 0.012560 0.096447 0.022727 0.043147
0 0.024522 0.154188 0.046651 0.069797
0 0.024821 0.218909 0.044856 0.072335
0 0.024222 0.282995 0.047249 0.060914
24 0.039175 0.093909 0.026914 0.040609
23 0.061902 0.094543 0.019737 0.041878
19 0.090311 0.094543 0.027512 0.044416
0 0.012859 0.056472 0.025718 0.034264
0 0.039773 0.055838 0.028110 0.032995
0 0.069976 0.055203 0.032297 0.031726
0 0.110347 0.055838 0.048445 0.032995
0 0.228469 0.951142 0.065789 0.044416
0 0.337321 0.357868 0.071770 0.159898
0 0.408194 0.357234 0.072368 0.158629
0 0.481459 0.357234 0.075359 0.158629
0 0.554127 0.356599 0.069976 0.157360
0 0.625598 0.355964 0.072967 0.156091
0 0.235048 0.285533 0.065789 0.045685
21 0.162978 0.649746 0.201555 0.583756
33 0.161782 0.335660 0.213517 0.029188
5 0.200957 0.166244 0.133971 0.035533
5 0.201256 0.201142 0.133373 0.036802