0 0.023923 0.479061 0.045455 0.072335
0 0.023923 0.548223 0.045455 0.063452
0 0.023923 0.833122 0.045455 0.072335
0 0.023923 0.899746 0.044258 0.063452
0 0.023624 0.963832 0.046053 0.069797
22 0.991926 0.133883 0.010167 0.024112
22 0.991926 0.418147 0.010167 0.021574
0 0.013756 0.057107 0.027512 0.030457
0 0.041268 0.057107 0.027512 0.030457
0 0.071471 0.056472 0.031699 0.029188
0 0.111244 0.056472 0.047847 0.029188
0 0.151017 0.055838 0.031699 0.027919
0 0.182416 0.055838 0.031100 0.027919
0 0.023923 0.346447 0.044258 0.065990
0 0.023923 0.412437 0.044258 0.063452
28 0.012560 0.096447 0.022727 0.043147
0 0.024522 0.154188 0.046651 0.069797
0 0.024821 0.218909 0.044856 0.072335
0 0.024222 0.282995 0.047249 0.060914
24 0.039175 0.093909 0.026914 0.040609
19 0.276017 0.095178 0.024522 0.040609
19 0.300239 0.095812 0.022727 0.039340
19 0.324462 0.095812 0.024522 0.039340
19 0.351376 0.096447 0.025718 0.040609
19 0.377392 0.097081 0.026316 0.039340
19 0.404904 0.096447 0.028708 0.038071
0 0.154007 0.086929 0.202751 0.031726
0 0.154306 0.119289 0.202153 0.032995
0 0.154306 0.150381 0.202153 0.031726
0 0.154007 0.181472 0.201555 0.030457
0 0.154007 0.210660 0.201555 0.027919
0 0.154007 0.239848 0.201555 0.030457
0 0.154007 0.270939 0.201555 0.031726
0 0.154007 0.309010 0.201555 0.041878
0 0.154007 0.348985 0.201555 0.038071
0 0.154306 0.382614 0.202153 0.029188
0 0.154306 0.411802 0.202153 0.029188
0 0.154306 0.443528 0.202153 0.034264
0 0.154306 0.479695 0.202153 0.038071
0 0.154306 0.518401 0.202153 0.039340
0 0.154306 0.558376 0.202153 0.043147
7 0.154904 0.314086 0.211722 0.559645
0 0.305622 0.522843 0.107656 0.032995
0 0.305323 0.552030 0.107057 0.025381
0 0.305024 0.580584 0.106459 0.031726
8 0.300538 0.552665 0.125000 0.105330