0 0.235347 0.284898 0.066388 0.044416
0 0.228469 0.950508 0.064593 0.043147
0 0.337022 0.356599 0.078349 0.154822
0 0.409988 0.355330 0.067584 0.154822
0 0.482656 0.357234 0.076555 0.156091
0 0.556220 0.356599 0.069378 0.154822
0 0.625897 0.357234 0.068780 0.156091
0 0.023923 0.479061 0.045455 0.072335
0 0.023923 0.548223 0.045455 0.063452
0 0.023923 0.833122 0.045455 0.072335
0 0.023923 0.899746 0.044258 0.063452
0 0.023624 0.963832 0.046053 0.069797
22 0.991926 0.133883 0.010167 0.024112
22 0.991926 0.418147 0.010167 0.021574
5 0.229067 0.166878 0.077751 0.039340
5 0.229366 0.201142 0.077153 0.039340
21 0.164175 0.690990 0.202751 0.496193
0 0.013756 0.057741 0.027512 0.029188
0 0.041268 0.057107 0.028708 0.027919
0 0.071172 0.057107 0.032297 0.027919
0 0.110646 0.057107 0.046651 0.027919
0 0.150718 0.055203 0.033493 0.026650
0 0.182117 0.057107 0.028110 0.030457
0 0.094498 0.088198 0.186603 0.034264
0 0.094199 0.120558 0.187201 0.030457
0 0.094199 0.149112 0.187201 0.026650
0 0.094797 0.177665 0.188397 0.030457
0 0.094498 0.212563 0.185407 0.036802
0 0.093900 0.248096 0.186603 0.034264
0 0.094199 0.282360 0.187201 0.034264
0 0.093900 0.317259 0.187799 0.035533
0 0.094199 0.353426 0.188397 0.036802
0 0.094199 0.387690 0.188397 0.031726
0 0.094797 0.423223 0.188397 0.036802
7 0.096292 0.245558 0.192584 0.425127