0 0.023923 0.479061 0.045455 0.072335
0 0.023923 0.548223 0.045455 0.063452
0 0.023923 0.833122 0.045455 0.072335
0 0.023923 0.899746 0.044258 0.063452
0 0.023624 0.963832 0.046053 0.069797
22 0.991926 0.133883 0.010167 0.024112
22 0.991926 0.418147 0.010167 0.021574
0 0.151017 0.055838 0.031699 0.027919
0 0.182416 0.055838 0.031100 0.027919
0 0.023923 0.346447 0.044258 0.065990
0 0.023923 0.412437 0.044258 0.063452
28 0.012560 0.096447 0.022727 0.043147
0 0.024522 0.154188 0.046651 0.069797
0 0.024821 0.218909 0.044856 0.072335
0 0.024222 0.282995 0.047249 0.060914
24 0.039175 0.093909 0.026914 0.040609
23 0.061902 0.094543 0.019737 0.041878
19 0.090311 0.094543 0.027512 0.044416
0 0.012859 0.056472 0.025718 0.034264
0 0.039773 0.055838 0.028110 0.032995
0 0.069976 0.055203 0.032297 0.031726
0 0.110347 0.055838 0.048445 0.032995
0 0.228469 0.951142 0.065789 0.044416
0 0.235048 0.285533 0.065789 0.045685
21 0.162978 0.649746 0.201555 0.583756
33 0.161782 0.335660 0.213517 0.029188
5 0.200957 0.166244 0.133971 0.035533
5 0.201256 0.201142 0.133373 0.036802
20 0.477871 0.423223 0.428230 0.625635
22 0.667165 0.142766 0.017344 0.029188
0 0.282596 0.180838 0.024522 0.026650
0 0.309510 0.180203 0.029306 0.025381
0 0.340311 0.179569 0.032297 0.024112
0 0.378888 0.180203 0.044856 0.025381
0 0.417165 0.179569 0.031699 0.024112
28 0.288876 0.217640 0.023923 0.041878
24 0.313098 0.217005 0.022129 0.043147
23 0.337620 0.217005 0.020933 0.040609
26 0.370514 0.216371 0.025718 0.044416
25 0.396531 0.217005 0.025120 0.043147
19 0.423744 0.216371 0.024522 0.044416
19 0.447667 0.215736 0.020933 0.040609
19 0.470694 0.217640 0.022727 0.041878
19 0.502990 0.218274 0.025120 0.043147
19 0.529306 0.218909 0.023923 0.044416
19 0.561603 0.217005 0.026316 0.038071
19 0.471292 0.270939 0.021531 0.039340
22 0.446172 0.560914 0.010766 0.025381
22 0.445873 0.412437 0.012560 0.022843
22 0.445873 0.256345 0.011364 0.022843
22 0.680024 0.256345 0.011962 0.025381
0 0.642943 0.217005 0.083732 0.040609
0 0.354067 0.287437 0.165072 0.026650
0 0.353768 0.313452 0.164474 0.025381
0 0.353768 0.338198 0.164474 0.026650
0 0.353170 0.364848 0.164474 0.026650
0 0.444079 0.368655 0.013756 0.024112
0 0.443780 0.285533 0.014354 0.025381
0 0.547548 0.270305 0.016148 0.038071
0 0.562201 0.270305 0.014354 0.038071
0 0.552931 0.313452 0.014952 0.022843
0 0.552632 0.446701 0.014354 0.022843
0 0.477273 0.472081 0.013158 0.027919
0 0.537978 0.472081 0.012560 0.025381
0 0.444677 0.589467 0.013756 0.024112
0 0.444677 0.654822 0.013756 0.020305
0 0.430024 0.678934 0.013158 0.027919
0 0.276615 0.678299 0.012560 0.026650
0 0.353469 0.625000 0.167464 0.026650
0 0.353170 0.651650 0.166866 0.026650
9 0.443780 0.312817 0.016746 0.034264
9 0.443780 0.328680 0.017943 0.114213
9 0.553529 0.338198 0.017344 0.036802
9 0.552632 0.380711 0.017943 0.162437
9 0.491029 0.472081 0.019139 0.027919
9 0.508074 0.472081 0.077153 0.032995
9 0.444677 0.615482 0.014952 0.035533
9 0.444976 0.621827 0.016746 0.098985
9 0.328648 0.680838 0.095096 0.031726
9 0.353170 0.681472 0.169258 0.035533