22 0.229964 0.020939 0.017344 0.031726
29 0.192584 0.020305 0.014354 0.032995
20 0.127691 0.126904 0.252990 0.248731
0 0.145634 0.207487 0.065191 0.041878
0 0.210825 0.208756 0.065191 0.044416
0 0.222488 0.084391 0.015550 0.026650
0 0.222189 0.159264 0.016148 0.026650
9 0.222488 0.109772 0.017943 0.031726
9 0.222189 0.123096 0.019737 0.106599
33 0.117823 0.082487 0.193780 0.025381
0 0.127990 0.111675 0.172249 0.032995
0 0.127093 0.142766 0.170455 0.029188
21 0.163278 0.647208 0.202153 0.576142
0 0.235347 0.284898 0.066388 0.044416
0 0.228469 0.950508 0.064593 0.043147
33 0.161782 0.335660 0.217105 0.039340
0 0.337022 0.356599 0.078349 0.154822
0 0.409988 0.355330 0.067584 0.154822
0 0.482656 0.357234 0.076555 0.156091
0 0.556220 0.356599 0.069378 0.154822
0 0.625897 0.357234 0.068780 0.156091
0 0.024522 0.283629 0.045455 0.064721
0 0.024821 0.348985 0.046053 0.063452
0 0.024821 0.411802 0.046053 0.062183
0 0.023923 0.479061 0.045455 0.072335
0 0.023923 0.548223 0.045455 0.063452
0 0.023923 0.833122 0.045455 0.072335
0 0.023923 0.899746 0.044258 0.063452
0 0.023624 0.963832 0.046053 0.069797
22 0.991926 0.133883 0.010167 0.024112
22 0.991926 0.418147 0.010167 0.021574