0 0.023923 0.479061 0.045455 0.072335
0 0.023923 0.548223 0.045455 0.063452
0 0.023923 0.833122 0.045455 0.072335
0 0.023923 0.899746 0.044258 0.063452
0 0.023624 0.963832 0.046053 0.069797
22 0.991926 0.133883 0.010167 0.024112
22 0.991926 0.418147 0.010167 0.021574
0 0.151017 0.055838 0.031699 0.027919
0 0.182416 0.055838 0.031100 0.027919
0 0.023923 0.346447 0.044258 0.065990
0 0.023923 0.412437 0.044258 0.063452
28 0.012560 0.096447 0.022727 0.043147
0 0.024522 0.154188 0.046651 0.069797
0 0.024821 0.218909 0.044856 0.072335
0 0.024222 0.282995 0.047249 0.060914
24 0.039175 0.093909 0.026914 0.040609
23 0.061902 0.094543 0.019737 0.041878
19 0.090311 0.094543 0.027512 0.044416
0 0.012859 0.056472 0.025718 0.034264
0 0.039773 0.055838 0.028110 0.032995
0 0.069976 0.055203 0.032297 0.031726
0 0.110347 0.055838 0.048445 0.032995
0 0.228469 0.951142 0.065789 0.044416
0 0.235048 0.285533 0.065789 0.045685
21 0.162978 0.649746 0.201555 0.583756
33 0.161782 0.335660 0.213517 0.029188
5 0.200957 0.166244 0.133971 0.035533
5 0.201256 0.201142 0.133373 0.036802
22 0.680024 0.256345 0.011962 0.025381
0 0.276316 0.678934 0.013158 0.027919
0 0.570574 0.730964 0.064593 0.043147
0 0.635766 0.730330 0.065789 0.044416
22 0.655203 0.102792 0.019737 0.032995
12 0.316388 0.155457 0.057416 0.046954
12 0.371112 0.155457 0.063995 0.044416
12 0.425239 0.156091 0.058612 0.043147
12 0.475478 0.156091 0.052632 0.043147
12 0.545156 0.156091 0.102273 0.043147
13 0.442883 0.156091 0.316388 0.065990
20 0.478469 0.421954 0.403110 0.704315
29 0.617225 0.102157 0.013158 0.029188