19 0.294557 0.111675 0.025718 0.048223
19 0.331938 0.119924 0.028708 0.041878
19 0.376495 0.116117 0.034091 0.041878
19 0.412380 0.114848 0.032895 0.062183
19 0.450060 0.118020 0.032895 0.048223
19 0.920754 0.119289 0.032895 0.040609
0 0.601974 0.118020 0.017344 0.022843
22 0.970395 0.021574 0.023325 0.035533
28 0.032297 0.117386 0.022727 0.046954
24 0.877392 0.119924 0.019139 0.041878
0 0.850778 0.119924 0.016148 0.024112
5 0.750598 0.120558 0.222488 0.032995
21 0.652512 0.564721 0.651914 0.812183
0 0.011663 0.356599 0.022129 0.022843
0 0.287081 0.352792 0.017943 0.027919
0 0.308612 0.324873 0.021531 0.025381
0 0.309211 0.427030 0.021531 0.021574
0 0.308911 0.532360 0.020933 0.026650
0 0.309211 0.758249 0.019139 0.021574
0 0.013158 0.756980 0.020335 0.026650
9 0.308612 0.481599 0.021531 0.138325
9 0.308313 0.473985 0.017344 0.052030
9 0.158493 0.356599 0.316986 0.032995
9 0.097189 0.354695 0.150120 0.031726
9 0.160287 0.756980 0.316986 0.036802
9 0.083433 0.758249 0.120215 0.029188
20 0.162679 0.464467 0.319378 0.182741
20 0.161483 0.669416 0.318182 0.222081
20 0.160885 0.885787 0.319378 0.205584
22 0.309211 0.395939 0.014354 0.025381
22 0.309809 0.574873 0.013158 0.025381
22 0.308911 0.796954 0.013756 0.025381
0 0.025718 0.064086 0.031100 0.026650
0 0.066687 0.068528 0.041268 0.030457
0 0.117524 0.070431 0.054426 0.031726
0 0.176435 0.065990 0.043062 0.025381
0 0.231758 0.070431 0.032895 0.034264
20 0.161782 0.263959 0.317584 0.213198
22 0.310706 0.171954 0.014952 0.021574
0 0.308612 0.206853 0.017943 0.025381
9 0.308014 0.268401 0.017943 0.143401
9 0.309211 0.244924 0.016746 0.053299
24 0.070275 0.119924 0.038876 0.052030
19 0.162679 0.121193 0.027512 0.057107
19 0.201555 0.124365 0.034689 0.053299
19 0.241328 0.119924 0.031699 0.041878
5 0.568780 0.131345 0.086124 0.057107
32 0.912679 0.023477 0.029904 0.029188
32 0.288577 0.175761 0.017344 0.021574
32 0.287380 0.394670 0.017344 0.025381
32 0.289474 0.576142 0.015550 0.017766
32 0.289175 0.798858 0.012560 0.024112