19 0.294557 0.111675 0.025718 0.048223
19 0.331938 0.119924 0.028708 0.041878
19 0.376495 0.116117 0.034091 0.041878
19 0.412380 0.114848 0.032895 0.062183
19 0.450060 0.118020 0.032895 0.048223
19 0.920754 0.119289 0.032895 0.040609
0 0.601974 0.118020 0.017344 0.022843
28 0.032297 0.117386 0.022727 0.046954
24 0.877392 0.119924 0.019139 0.041878
5 0.568780 0.122462 0.087321 0.031726
0 0.850778 0.119924 0.016148 0.024112
5 0.750598 0.120558 0.222488 0.032995
0 0.011663 0.356599 0.022129 0.022843
0 0.013158 0.756980 0.020335 0.026650
9 0.097189 0.354695 0.150120 0.031726
9 0.083433 0.758249 0.120215 0.029188
24 0.070275 0.119924 0.038876 0.052030
19 0.162679 0.121193 0.027512 0.057107
19 0.201555 0.124365 0.034689 0.053299
19 0.241328 0.119924 0.031699 0.041878
20 0.485347 0.542513 0.502990 0.717005
22 0.718900 0.343909 0.021531 0.032995
22 0.707835 0.208122 0.020933 0.035533
28 0.264653 0.295051 0.024522 0.046954
24 0.302333 0.296954 0.036483 0.040609
23 0.347488 0.296320 0.032297 0.046954
22 0.383373 0.294416 0.029904 0.040609
25 0.475478 0.296954 0.034689 0.043147
26 0.436902 0.296954 0.032895 0.045685
19 0.514055 0.293147 0.028110 0.053299
19 0.555323 0.296320 0.025718 0.062183
19 0.592404 0.295685 0.036483 0.053299
19 0.640251 0.300761 0.029306 0.050761
19 0.684809 0.298858 0.034689 0.044416
28 0.249103 0.345178 0.029306 0.027919
13 0.496711 0.347716 0.470694 0.032995
12 0.308612 0.345812 0.086124 0.024112
21 0.537679 0.611041 0.368421 0.463198
0 0.258672 0.252538 0.035287 0.025381
0 0.302333 0.251269 0.042464 0.027919
0 0.350478 0.248731 0.039474 0.032995
0 0.404605 0.250635 0.043660 0.021574
0 0.469199 0.250000 0.035287 0.035533
12 0.395933 0.345812 0.090909 0.026650
32 0.644737 0.210660 0.021531 0.032995