0 0.013457 0.058376 0.024522 0.025381
0 0.039773 0.057741 0.028110 0.024112
0 0.068780 0.057107 0.029904 0.022843
0 0.100778 0.057741 0.034091 0.024112
0 0.136364 0.057107 0.035885 0.022843
0 0.179127 0.057741 0.049641 0.024112
0 0.220096 0.057741 0.032297 0.024112
28 0.019139 0.096447 0.023923 0.048223
24 0.043660 0.094543 0.023923 0.046954
19 0.019139 0.142132 0.023923 0.045685
19 0.043361 0.140863 0.024522 0.045685
19 0.073864 0.140863 0.036483 0.043147
19 0.106459 0.140863 0.028708 0.040609
19 0.134270 0.142766 0.025718 0.041878
19 0.404306 0.140863 0.022727 0.043147
19 0.431220 0.142132 0.026316 0.048223
19 0.456938 0.142132 0.023923 0.045685
19 0.480861 0.142132 0.023923 0.040609
19 0.504486 0.142132 0.023325 0.040609
19 0.532596 0.142766 0.023325 0.041878
19 0.557117 0.142766 0.025718 0.041878
19 0.431220 0.095812 0.027512 0.044416
19 0.457237 0.095812 0.024522 0.044416
19 0.481758 0.096447 0.023325 0.043147
19 0.505383 0.096447 0.022727 0.043147
23 0.067285 0.092005 0.024522 0.049492
19 0.093600 0.094543 0.024522 0.049492
19 0.119916 0.093909 0.023325 0.050761
19 0.145933 0.095812 0.023923 0.052030
0 0.057117 0.270939 0.079545 0.036802
12 0.018840 0.447970 0.037679 0.035533
12 0.056519 0.447970 0.037679 0.038071
13 0.039474 0.447335 0.078947 0.049492
22 0.994019 0.956218 0.010766 0.024112
22 0.311304 0.480964 0.011364 0.022843
22 0.393541 0.918782 0.014354 0.025381
22 0.492823 0.918147 0.014354 0.026650
22 0.591507 0.920051 0.014354 0.025381
19 0.306220 0.508249 0.014354 0.026650
3 0.151017 0.510787 0.302033 0.034264
12 0.366029 0.920685 0.094498 0.044416
12 0.460526 0.920051 0.106459 0.045685
12 0.557715 0.920051 0.108254 0.048223
12 0.022129 0.678299 0.044258 0.044416
12 0.068481 0.678299 0.067584 0.044416
13 0.053529 0.677665 0.105861 0.060914
0 0.307715 0.707487 0.017344 0.029188
0 0.307416 0.917513 0.016746 0.030457
9 0.308014 0.756345 0.017943 0.081218
9 0.308014 0.812183 0.020335 0.246193
0 0.095395 0.918782 0.098684 0.043147
0 0.219199 0.918782 0.123804 0.043147
4 0.164773 0.882614 0.016148 0.031726
3 0.095395 0.792513 0.099880 0.036802
3 0.095694 0.823604 0.099282 0.035533
3 0.095993 0.854061 0.098684 0.035533
3 0.095694 0.884518 0.098086 0.038071
3 0.224282 0.793782 0.111244 0.036802
3 0.224581 0.824873 0.110646 0.032995
3 0.224282 0.852792 0.111244 0.035533
0 0.137560 0.786168 0.014354 0.019036
0 0.137859 0.799492 0.013756 0.017766
0 0.137560 0.817259 0.015550 0.015228
0 0.137859 0.828680 0.013756 0.017766
0 0.137261 0.846447 0.011364 0.017766
0 0.137560 0.856599 0.011962 0.015228
0 0.136962 0.877538 0.010766 0.013959
0 0.137560 0.887690 0.010766 0.016497
0 0.272727 0.786168 0.013158 0.016497
0 0.272727 0.796954 0.011962 0.017766
0 0.272727 0.816624 0.013158 0.016497
0 0.272727 0.828680 0.010766 0.015228
0 0.272727 0.847716 0.011962 0.015228
0 0.273325 0.857868 0.011962 0.015228
6 0.137560 0.791878 0.016746 0.038071
6 0.137261 0.824239 0.016148 0.031726
6 0.137560 0.856599 0.016746 0.030457
6 0.137560 0.886421 0.017943 0.029188
6 0.272727 0.791244 0.016746 0.036802
6 0.273026 0.824873 0.016148 0.030457
6 0.272727 0.855964 0.019139 0.031726
22 0.848983 0.955584 0.011364 0.022843
22 0.711722 0.918782 0.015550 0.025381
22 0.831340 0.920685 0.015550 0.026650
12 0.667763 0.918782 0.127392 0.048223
12 0.784091 0.918147 0.124402 0.049492
19 0.383373 0.142132 0.015550 0.043147
0 0.265849 0.089467 0.218301 0.034264
0 0.266148 0.122462 0.218900 0.031726
5 0.395036 0.096447 0.037679 0.035533
0 0.265849 0.156726 0.218301 0.036802
0 0.266148 0.191624 0.218900 0.032995
0 0.266148 0.222716 0.218900 0.029188
0 0.266447 0.255711 0.219498 0.036802
0 0.266148 0.286802 0.218900 0.025381
0 0.265849 0.314086 0.219498 0.029188
0 0.266148 0.341371 0.220096 0.025381
0 0.265849 0.370558 0.219498 0.032995
0 0.265550 0.406726 0.218900 0.039340
7 0.265251 0.236675 0.231459 0.404822