21 0.163278 0.647208 0.202153 0.576142
0 0.235347 0.284898 0.066388 0.044416
0 0.228469 0.950508 0.064593 0.043147
33 0.161782 0.335660 0.217105 0.039340
0 0.337022 0.356599 0.078349 0.154822
0 0.409988 0.355330 0.067584 0.154822
0 0.482656 0.357234 0.076555 0.156091
0 0.556220 0.356599 0.069378 0.154822
0 0.625897 0.357234 0.068780 0.156091
0 0.024522 0.283629 0.045455 0.064721
0 0.024821 0.348985 0.046053 0.063452
0 0.024821 0.411802 0.046053 0.062183
0 0.023923 0.479061 0.045455 0.072335
0 0.023923 0.548223 0.045455 0.063452
0 0.023923 0.833122 0.045455 0.072335
0 0.023923 0.899746 0.044258 0.063452
0 0.023624 0.963832 0.046053 0.069797
22 0.991926 0.133883 0.010167 0.024112
22 0.991926 0.418147 0.010167 0.021574
5 0.200957 0.165609 0.133971 0.039340
5 0.201555 0.201142 0.133971 0.039340
0 0.013457 0.057741 0.025718 0.026650
0 0.040670 0.057741 0.028708 0.026650
0 0.070574 0.058376 0.031100 0.027919
0 0.109749 0.058376 0.047249 0.027919
0 0.150120 0.058376 0.033493 0.027919
0 0.183014 0.058376 0.029904 0.027919
28 0.014055 0.095178 0.023325 0.040609
24 0.037380 0.094543 0.022129 0.044416
23 0.061304 0.097081 0.024522 0.046954
19 0.090610 0.097081 0.026914 0.046954
0 0.023325 0.217005 0.045455 0.065990
0 0.023624 0.151015 0.044856 0.060914