0 0.228469 0.950508 0.064593 0.043147
0 0.409988 0.355330 0.067584 0.154822
0 0.482656 0.357234 0.076555 0.156091
0 0.556220 0.356599 0.069378 0.154822
0 0.625897 0.357234 0.068780 0.156091
0 0.023923 0.479061 0.045455 0.072335
0 0.023923 0.548223 0.045455 0.063452
0 0.023923 0.833122 0.045455 0.072335
0 0.023923 0.899746 0.044258 0.063452
0 0.023624 0.963832 0.046053 0.069797
22 0.991926 0.133883 0.010167 0.024112
22 0.991926 0.418147 0.010167 0.021574
0 0.013756 0.057107 0.027512 0.030457
0 0.041268 0.057107 0.027512 0.030457
0 0.071471 0.056472 0.031699 0.029188
0 0.111244 0.056472 0.047847 0.029188
0 0.151017 0.055838 0.031699 0.027919
0 0.182416 0.055838 0.031100 0.027919
33 0.161184 0.335660 0.215909 0.036802
21 0.163577 0.647843 0.200359 0.574873
0 0.339414 0.354695 0.071172 0.153553
5 0.241926 0.166878 0.052033 0.034264
5 0.241926 0.201142 0.050837 0.031726
0 0.121711 0.089467 0.190789 0.034264
0 0.121411 0.123096 0.190191 0.032995
0 0.121411 0.158629 0.188995 0.038071
0 0.121112 0.199873 0.189593 0.044416
0 0.121411 0.239213 0.188995 0.034264
0 0.121711 0.274112 0.189593 0.035533
0 0.242225 0.284898 0.051435 0.041878
7 0.121711 0.168147 0.197967 0.272843
0 0.023923 0.346447 0.044258 0.065990
0 0.023923 0.412437 0.044258 0.063452
28 0.012560 0.096447 0.022727 0.043147