19 0.109151 0.119289 0.031699 0.050761
19 0.160885 0.121193 0.029904 0.062183
19 0.920754 0.119289 0.032895 0.040609
0 0.601974 0.118020 0.017344 0.022843
20 0.160885 0.874365 0.320574 0.238579
22 0.970395 0.021574 0.023325 0.035533
22 0.311603 0.368020 0.016746 0.025381
22 0.310407 0.564721 0.015550 0.020305
22 0.308911 0.774746 0.016148 0.026650
20 0.161782 0.449239 0.321172 0.192893
20 0.160885 0.649746 0.318182 0.197970
28 0.032297 0.117386 0.022727 0.046954
24 0.877392 0.119924 0.019139 0.041878
24 0.068481 0.118020 0.029306 0.053299
0 0.288278 0.326142 0.011962 0.025381
0 0.013158 0.332487 0.022727 0.020305
0 0.308911 0.734772 0.014952 0.027919
0 0.011065 0.731599 0.014952 0.016497
9 0.148923 0.330584 0.289474 0.029188
9 0.098684 0.329315 0.148325 0.024112
9 0.160586 0.731599 0.311603 0.031726
9 0.083433 0.732868 0.113038 0.024112
5 0.568780 0.122462 0.087321 0.031726
0 0.850778 0.119924 0.016148 0.024112
5 0.750598 0.120558 0.222488 0.032995
21 0.652512 0.564721 0.651914 0.812183
0 0.230263 0.067893 0.044258 0.026650
0 0.302033 0.107234 0.168660 0.021574
0 0.300239 0.139594 0.172249 0.043147
0 0.302632 0.175761 0.177033 0.029188
0 0.336722 0.210660 0.238038 0.040609
7 0.342105 0.138959 0.278708 0.176396
0 0.019438 0.060914 0.030502 0.032995
0 0.062500 0.064721 0.042464 0.025381
0 0.114533 0.064086 0.049641 0.029188
0 0.176136 0.064086 0.049641 0.034264
32 0.288876 0.369289 0.016746 0.025381
32 0.289773 0.565355 0.014952 0.024112
32 0.290670 0.774746 0.014354 0.021574
32 0.915371 0.024746 0.028110 0.036802