0 0.013457 0.058376 0.024522 0.025381
0 0.039773 0.057741 0.028110 0.024112
0 0.068780 0.057107 0.029904 0.022843
0 0.100778 0.057741 0.034091 0.024112
0 0.136364 0.057107 0.035885 0.022843
0 0.179127 0.057741 0.049641 0.024112
0 0.220096 0.057741 0.032297 0.024112
28 0.019139 0.096447 0.023923 0.048223
24 0.043660 0.094543 0.023923 0.046954
25 0.237440 0.093909 0.034689 0.045685
26 0.202153 0.092640 0.035885 0.045685
19 0.019139 0.142132 0.023923 0.045685
19 0.043361 0.140863 0.024522 0.045685
19 0.073864 0.140863 0.036483 0.043147
19 0.106459 0.140863 0.028708 0.040609
19 0.134270 0.142766 0.025718 0.041878
19 0.159091 0.142766 0.023923 0.041878
19 0.183911 0.142132 0.024522 0.040609
19 0.210825 0.142132 0.025718 0.040609
19 0.235646 0.140863 0.023923 0.043147
19 0.261364 0.142132 0.026316 0.040609
19 0.287679 0.142766 0.026316 0.039340
19 0.320873 0.142132 0.024522 0.043147
19 0.346292 0.141497 0.025120 0.044416
19 0.378589 0.140228 0.026316 0.044416
19 0.404306 0.140863 0.022727 0.043147
19 0.431220 0.142132 0.026316 0.048223
19 0.456938 0.142132 0.023923 0.045685
19 0.480861 0.142132 0.023923 0.040609
19 0.504486 0.142132 0.023325 0.040609
19 0.532596 0.142766 0.023325 0.041878
19 0.557117 0.142766 0.025718 0.041878
19 0.431220 0.095812 0.027512 0.044416
19 0.457237 0.095812 0.024522 0.044416
19 0.481758 0.096447 0.023325 0.043147
19 0.505383 0.096447 0.022727 0.043147
19 0.297847 0.097081 0.027512 0.044416
19 0.269737 0.095178 0.025120 0.045685
23 0.067285 0.092005 0.024522 0.049492
19 0.093600 0.094543 0.024522 0.049492
19 0.119916 0.093909 0.023325 0.050761
19 0.145933 0.095812 0.023923 0.052030
19 0.171053 0.093909 0.025120 0.050761
5 0.365132 0.095812 0.097488 0.039340
22 0.311603 0.180203 0.011962 0.025381
0 0.057117 0.270939 0.079545 0.036802
12 0.018840 0.447970 0.037679 0.035533
12 0.056519 0.447970 0.037679 0.038071
13 0.039474 0.447335 0.078947 0.049492
22 0.994019 0.956218 0.010766 0.024112
22 0.393541 0.918782 0.014354 0.025381
22 0.492823 0.918147 0.014354 0.026650
22 0.591507 0.920051 0.014354 0.025381
12 0.366029 0.920685 0.094498 0.044416
12 0.460526 0.920051 0.106459 0.045685
12 0.557715 0.920051 0.108254 0.048223
12 0.022129 0.678299 0.044258 0.044416
12 0.068481 0.678299 0.067584 0.044416
13 0.053529 0.677665 0.105861 0.060914
0 0.307416 0.917513 0.016746 0.030457
0 0.095395 0.918782 0.098684 0.043147
0 0.219199 0.918782 0.123804 0.043147
4 0.164773 0.882614 0.016148 0.031726
3 0.095395 0.792513 0.099880 0.036802
3 0.095694 0.823604 0.099282 0.035533
3 0.095993 0.854061 0.098684 0.035533
3 0.095694 0.884518 0.098086 0.038071
3 0.224282 0.793782 0.111244 0.036802
3 0.224581 0.824873 0.110646 0.032995
3 0.224282 0.852792 0.111244 0.035533
0 0.137560 0.786168 0.014354 0.019036
0 0.137859 0.799492 0.013756 0.017766
0 0.137560 0.817259 0.015550 0.015228
0 0.137859 0.828680 0.013756 0.017766
0 0.137261 0.846447 0.011364 0.017766
0 0.137560 0.856599 0.011962 0.015228
0 0.136962 0.877538 0.010766 0.013959
0 0.137560 0.887690 0.010766 0.016497
0 0.272727 0.786168 0.013158 0.016497
0 0.272727 0.796954 0.011962 0.017766
0 0.272727 0.816624 0.013158 0.016497
0 0.272727 0.828680 0.010766 0.015228
0 0.272727 0.847716 0.011962 0.015228
0 0.273325 0.857868 0.011962 0.015228
6 0.137560 0.791878 0.016746 0.038071
6 0.137261 0.824239 0.016148 0.031726
6 0.137560 0.856599 0.016746 0.030457
6 0.137560 0.886421 0.017943 0.029188
6 0.272727 0.791244 0.016746 0.036802
6 0.273026 0.824873 0.016148 0.030457
6 0.272727 0.855964 0.019139 0.031726
22 0.848983 0.955584 0.011364 0.022843
22 0.711722 0.918782 0.015550 0.025381
22 0.831340 0.920685 0.015550 0.026650
12 0.667763 0.918782 0.127392 0.048223
12 0.784091 0.918147 0.124402 0.049492
3 0.136364 0.510152 0.272727 0.035533
22 0.705742 0.331218 0.017943 0.030457
29 0.668660 0.331853 0.015550 0.031726
0 0.702153 0.418147 0.016746 0.029188
0 0.701555 0.696066 0.015550 0.026650
0 0.380682 0.418782 0.016148 0.030457
0 0.380084 0.696701 0.014952 0.027919
0 0.331639 0.453680 0.083134 0.024112
0 0.331639 0.478426 0.081938 0.025381
0 0.331938 0.504442 0.082536 0.026650
0 0.331639 0.530457 0.081938 0.025381
0 0.331639 0.555838 0.081938 0.025381
0 0.331639 0.580584 0.083134 0.024112
0 0.331041 0.605964 0.081938 0.026650
0 0.331340 0.633249 0.081340 0.025381
0 0.331340 0.658629 0.081340 0.025381
0 0.331340 0.684645 0.082536 0.024112
0 0.543361 0.425127 0.302033 0.038071
0 0.543361 0.463198 0.302033 0.038071
0 0.542763 0.500000 0.303230 0.035533
0 0.543062 0.537437 0.302632 0.039340
0 0.542763 0.574873 0.303230 0.035533
0 0.542464 0.611041 0.302632 0.039340
0 0.543062 0.647843 0.302632 0.034264
0 0.542763 0.685914 0.302033 0.041878
0 0.687201 0.772843 0.064593 0.043147
0 0.312799 0.773477 0.065789 0.044416
20 0.500000 0.557107 0.460526 0.520305
0 0.698266 0.380076 0.014952 0.031726
0 0.712321 0.380076 0.014354 0.031726
9 0.702153 0.491117 0.019139 0.126904
9 0.702153 0.557107 0.023923 0.312183
9 0.380682 0.510787 0.018541 0.163706
9 0.380084 0.557107 0.020933 0.317259
12 0.313995 0.380711 0.069378 0.043147
12 0.371112 0.381345 0.061603 0.041878
12 0.433014 0.380711 0.078947 0.043147
12 0.494019 0.380711 0.062201 0.043147
12 0.543062 0.380711 0.058612 0.043147
12 0.606459 0.380711 0.094498 0.040609
12 0.667763 0.381345 0.053230 0.041878
13 0.486244 0.380711 0.418660 0.058376