0 0.023923 0.479061 0.045455 0.072335
0 0.023923 0.548223 0.045455 0.063452
0 0.023923 0.833122 0.045455 0.072335
0 0.023923 0.899746 0.044258 0.063452
0 0.023624 0.963832 0.046053 0.069797
22 0.991926 0.133883 0.010167 0.024112
22 0.991926 0.418147 0.010167 0.021574
0 0.151017 0.055838 0.031699 0.027919
0 0.182416 0.055838 0.031100 0.027919
0 0.023923 0.346447 0.044258 0.065990
0 0.023923 0.412437 0.044258 0.063452
28 0.012560 0.096447 0.022727 0.043147
0 0.024522 0.154188 0.046651 0.069797
0 0.024821 0.218909 0.044856 0.072335
0 0.024222 0.282995 0.047249 0.060914
24 0.039175 0.093909 0.026914 0.040609
23 0.061902 0.094543 0.019737 0.041878
0 0.237739 0.557741 0.060407 0.041878
4 0.151615 0.557741 0.014952 0.031726
3 0.121411 0.557741 0.045455 0.036802
19 0.090311 0.094543 0.027512 0.044416
19 0.118421 0.095178 0.026316 0.045685
19 0.323266 0.095178 0.028110 0.040609
19 0.351376 0.095812 0.023325 0.039340
19 0.376495 0.094543 0.026914 0.039340
19 0.404605 0.095812 0.026914 0.041878
19 0.297847 0.094543 0.021531 0.041878
19 0.275419 0.093909 0.024522 0.040609
19 0.143541 0.094543 0.022727 0.046954
19 0.166866 0.095178 0.022727 0.045685
19 0.191687 0.095178 0.026914 0.043147
25 0.247309 0.095812 0.024522 0.039340
26 0.221591 0.096447 0.023325 0.040609
0 0.012859 0.056472 0.025718 0.034264
0 0.039773 0.055838 0.028110 0.032995
0 0.069976 0.055203 0.032297 0.031726
0 0.110347 0.055838 0.048445 0.032995
22 0.676136 0.178299 0.018541 0.034264
0 0.591208 0.807107 0.065191 0.043147
0 0.656998 0.807741 0.065191 0.044416
12 0.390849 0.229061 0.065191 0.044416
12 0.337321 0.228426 0.059809 0.045685
12 0.445275 0.228426 0.060407 0.045685
12 0.494617 0.227792 0.055024 0.044416
12 0.565191 0.229061 0.102871 0.044416
13 0.462321 0.229061 0.313397 0.057107
29 0.639354 0.178934 0.019139 0.032995
17 0.411184 0.305838 0.102273 0.027919
20 0.500000 0.499365 0.406699 0.706853