0 0.012859 0.058376 0.025718 0.032995
0 0.039773 0.057741 0.028110 0.031726
0 0.068780 0.056472 0.029904 0.029188
0 0.101376 0.057107 0.036483 0.030457
0 0.143242 0.056472 0.047249 0.029188
0 0.189892 0.057107 0.046053 0.030457
0 0.229665 0.057107 0.033493 0.030457
0 0.275419 0.057741 0.058014 0.031726
0 0.327751 0.057107 0.046651 0.030457
0 0.372309 0.058376 0.042464 0.030457
0 0.409689 0.059010 0.032297 0.031726
22 0.983553 0.135152 0.013756 0.029188
28 0.019438 0.097081 0.024522 0.041878
24 0.044258 0.097081 0.023923 0.044416
19 0.383971 0.098350 0.023923 0.044416
19 0.409390 0.098985 0.026914 0.043147
19 0.434809 0.095178 0.020335 0.045685
19 0.468600 0.097716 0.018541 0.043147
34 0.347488 0.097081 0.052632 0.039340
22 0.740730 0.135787 0.014952 0.025381
22 0.157596 0.817259 0.014952 0.030457
0 0.159988 0.846447 0.014952 0.025381
0 0.159988 0.984772 0.016148 0.022843
0 0.316986 0.864213 0.014354 0.027919
0 0.454844 0.864848 0.013756 0.026650
0 0.469498 0.839467 0.015550 0.021574
0 0.533493 0.970178 0.083732 0.044416
0 0.987739 0.206218 0.012560 0.026650
0 0.988337 0.936548 0.011364 0.025381
0 0.758971 0.960025 0.011962 0.021574
0 0.976675 0.959391 0.013158 0.022843
5 0.613935 0.882614 0.117823 0.034264
5 0.614234 0.908629 0.118421 0.038071
5 0.614234 0.933376 0.118421 0.034264
5 0.918361 0.173223 0.121411 0.036802
19 0.767045 0.175127 0.020933 0.043147
19 0.790969 0.173223 0.022129 0.041878
19 0.818780 0.175761 0.026316 0.044416
19 0.844199 0.173858 0.023325 0.040609
4 0.498804 0.857234 0.015550 0.031726
4 0.561304 0.857234 0.016148 0.029188
4 0.676734 0.856599 0.014952 0.030457
12 0.784390 0.979695 0.066388 0.032995
12 0.866926 0.979061 0.120215 0.036802
13 0.838218 0.977157 0.182416 0.035533
9 0.988337 0.606599 0.014952 0.370558
9 0.987739 0.568528 0.016148 0.756345
9 0.821471 0.959391 0.119019 0.025381
9 0.867823 0.958756 0.233254 0.031726
9 0.160287 0.895939 0.017943 0.083756
9 0.159988 0.913071 0.020933 0.166244
9 0.345694 0.864848 0.050239 0.031726
9 0.385766 0.863579 0.155502 0.034264
17 0.920156 0.233503 0.068780 0.025381
17 0.914175 0.265863 0.037679 0.026650
17 0.917763 0.326777 0.041268 0.029188
17 0.776914 0.351523 0.039474 0.025381
17 0.772428 0.293147 0.029306 0.025381
17 0.780502 0.234137 0.045455 0.026650
17 0.776017 0.266497 0.037679 0.025381
17 0.780801 0.327411 0.047249 0.027919
17 0.766447 0.508883 0.019737 0.025381
17 0.784988 0.543782 0.055622 0.026650
17 0.828349 0.578680 0.141148 0.027919
17 0.796950 0.612310 0.078349 0.026650
17 0.791866 0.672589 0.069378 0.027919
17 0.770634 0.707487 0.026914 0.026650
22 0.290670 0.715102 0.014354 0.026650
22 0.473983 0.717640 0.016148 0.026650
22 0.740730 0.715736 0.016148 0.025381
22 0.325957 0.303934 0.015550 0.021574
22 0.418959 0.303934 0.013756 0.024112
22 0.511663 0.302665 0.013756 0.026650
22 0.605263 0.302030 0.014354 0.025381
0 0.743122 0.330584 0.016148 0.024112
0 0.742225 0.661168 0.016746 0.027919
9 0.743421 0.411168 0.017943 0.106599
9 0.742823 0.494924 0.021531 0.362944
15 0.735347 0.215736 0.019737 0.027919
15 0.735945 0.216371 0.022129 0.110406
5 0.523325 0.175127 0.411483 0.038071
12 0.389354 0.305203 0.102871 0.049492
12 0.482955 0.304569 0.101077 0.048223
12 0.574462 0.303299 0.099880 0.048223
13 0.481459 0.303299 0.295455 0.065990
0 0.468301 0.788706 0.014354 0.026650
9 0.469199 0.814721 0.016148 0.038071
9 0.469199 0.812183 0.018541 0.081218
5 0.614234 0.756980 0.118421 0.039340
5 0.614234 0.782995 0.118421 0.038071
5 0.445574 0.761421 0.056220 0.035533
19 0.406699 0.760152 0.016746 0.032995
19 0.388756 0.760787 0.015550 0.031726
19 0.365431 0.759518 0.016746 0.034264
19 0.349282 0.760787 0.011962 0.024112
3 0.332536 0.760152 0.050239 0.038071
2 0.569976 0.821701 0.016746 0.029188
2 0.621411 0.821701 0.015550 0.029188
0 0.027213 0.166244 0.052033 0.025381
0 0.027213 0.193528 0.052033 0.029188
0 0.026914 0.222716 0.052632 0.029188
0 0.026914 0.251269 0.052632 0.027919
0 0.026316 0.281726 0.051435 0.032995
0 0.184809 0.090736 0.261962 0.036802
0 0.184809 0.126904 0.261962 0.035533
0 0.184510 0.162437 0.261364 0.035533
0 0.184510 0.194797 0.261364 0.029188
0 0.184809 0.223350 0.260766 0.027919
0 0.184510 0.253807 0.261364 0.032995
0 0.184809 0.288071 0.261962 0.035533
0 0.184510 0.319797 0.263756 0.027919
0 0.184809 0.349619 0.264354 0.031726
0 0.184211 0.383883 0.264354 0.036802
0 0.184211 0.418782 0.264354 0.032995
0 0.184211 0.451777 0.263158 0.032995
0 0.184211 0.486675 0.264354 0.036802
0 0.184211 0.520939 0.264354 0.031726
0 0.184510 0.550761 0.264952 0.027919
0 0.183911 0.579315 0.264952 0.029188
0 0.184809 0.611041 0.264354 0.034264
0 0.184211 0.645939 0.264354 0.035533
0 0.184211 0.681472 0.265550 0.038071
7 0.185407 0.372462 0.272727 0.681472