0 0.012859 0.058376 0.025718 0.032995
0 0.039773 0.057741 0.028110 0.031726
0 0.068780 0.056472 0.029904 0.029188
0 0.101376 0.057107 0.036483 0.030457
0 0.143242 0.056472 0.047249 0.029188
0 0.189892 0.057107 0.046053 0.030457
0 0.229665 0.057107 0.033493 0.030457
0 0.275419 0.057741 0.058014 0.031726
0 0.327751 0.057107 0.046651 0.030457
0 0.372309 0.058376 0.042464 0.030457
0 0.409689 0.059010 0.032297 0.031726
22 0.983553 0.135152 0.013756 0.029188
28 0.019438 0.097081 0.024522 0.041878
24 0.044258 0.097081 0.023923 0.044416
23 0.068182 0.097081 0.023923 0.044416
19 0.093301 0.096447 0.023923 0.045685
19 0.120514 0.095812 0.025718 0.041878
19 0.145634 0.096447 0.024522 0.040609
19 0.225778 0.098350 0.024522 0.044416
19 0.251196 0.098985 0.025120 0.043147
19 0.282895 0.097081 0.026316 0.044416
19 0.311603 0.096447 0.023923 0.045685
19 0.383971 0.098350 0.023923 0.044416
19 0.409390 0.098985 0.026914 0.043147
19 0.434809 0.095178 0.020335 0.045685
19 0.468600 0.097716 0.018541 0.043147
34 0.347488 0.097081 0.052632 0.039340
26 0.172847 0.096447 0.025120 0.045685
25 0.198565 0.095812 0.025120 0.044416
22 0.738935 0.193528 0.020933 0.031726
22 0.740730 0.135787 0.014952 0.025381
22 0.157596 0.134518 0.014952 0.027919
22 0.157596 0.817259 0.014952 0.030457
0 0.083732 0.165609 0.166268 0.029188
0 0.083433 0.194797 0.164474 0.029188
0 0.083732 0.223985 0.165072 0.029188
0 0.083134 0.254442 0.166268 0.031726
0 0.083732 0.282360 0.166268 0.026650
0 0.159988 0.846447 0.014952 0.025381
0 0.159988 0.984772 0.016148 0.022843
0 0.316986 0.864213 0.014354 0.027919
0 0.454844 0.864848 0.013756 0.026650
0 0.469498 0.839467 0.015550 0.021574
0 0.533493 0.970178 0.083732 0.044416
0 0.987739 0.206218 0.012560 0.026650
0 0.988337 0.936548 0.011364 0.025381
0 0.758971 0.960025 0.011962 0.021574
0 0.976675 0.959391 0.013158 0.022843
5 0.613935 0.882614 0.117823 0.034264
5 0.614234 0.908629 0.118421 0.038071
5 0.614234 0.933376 0.118421 0.034264
5 0.918361 0.173223 0.121411 0.036802
19 0.767045 0.175127 0.020933 0.043147
19 0.790969 0.173223 0.022129 0.041878
19 0.818780 0.175761 0.026316 0.044416
19 0.844199 0.173858 0.023325 0.040609
4 0.498804 0.857234 0.015550 0.031726
4 0.561304 0.857234 0.016148 0.029188
4 0.676734 0.856599 0.014952 0.030457
12 0.784390 0.979695 0.066388 0.032995
12 0.866926 0.979061 0.120215 0.036802
13 0.838218 0.977157 0.182416 0.035533
9 0.988337 0.606599 0.014952 0.370558
9 0.987739 0.568528 0.016148 0.756345
9 0.821471 0.959391 0.119019 0.025381
9 0.867823 0.958756 0.233254 0.031726
9 0.160287 0.895939 0.017943 0.083756
9 0.159988 0.913071 0.020933 0.166244
9 0.345694 0.864848 0.050239 0.031726
9 0.385766 0.863579 0.155502 0.034264
17 0.920156 0.233503 0.068780 0.025381
17 0.914175 0.265863 0.037679 0.026650
17 0.917763 0.326777 0.041268 0.029188
17 0.776914 0.351523 0.039474 0.025381
17 0.772428 0.293147 0.029306 0.025381
29 0.702452 0.192893 0.017344 0.030457
0 0.743122 0.241751 0.016148 0.029188
0 0.743122 0.737310 0.016148 0.027919
9 0.743122 0.447335 0.017344 0.392132
9 0.742823 0.489213 0.021531 0.529188
17 0.780502 0.234137 0.045455 0.026650
17 0.776017 0.266497 0.037679 0.025381
17 0.780801 0.327411 0.047249 0.027919
17 0.766447 0.508883 0.019737 0.025381
17 0.784988 0.543782 0.055622 0.026650
17 0.828349 0.578680 0.141148 0.027919
17 0.796950 0.612310 0.078349 0.026650
17 0.791866 0.672589 0.069378 0.027919
17 0.770634 0.707487 0.026914 0.026650
20 0.498206 0.498731 0.534689 0.677665
0 0.275120 0.793782 0.064593 0.041878
0 0.524222 0.794416 0.063995 0.043147
0 0.588517 0.793782 0.065789 0.041878
0 0.653708 0.794416 0.065789 0.043147
0 0.719498 0.794416 0.065789 0.045685
0 0.308911 0.254442 0.126196 0.046954
0 0.309211 0.302665 0.126794 0.044416
0 0.308612 0.348350 0.125598 0.044416
0 0.308612 0.394670 0.125598 0.045685
0 0.308612 0.440990 0.126794 0.046954
0 0.308313 0.486675 0.126196 0.044416
0 0.308612 0.532360 0.125598 0.046954
0 0.308612 0.579315 0.126794 0.044416
0 0.308313 0.625635 0.126196 0.048223
0 0.308313 0.672589 0.126196 0.045685
0 0.308014 0.708756 0.125598 0.026650
0 0.379486 0.243655 0.016148 0.027919
0 0.378888 0.711294 0.014952 0.026650
0 0.252691 0.737310 0.014952 0.027919
0 0.364833 0.736675 0.013158 0.026650
9 0.305024 0.737310 0.093301 0.027919
9 0.307715 0.736675 0.128589 0.034264
9 0.379187 0.441624 0.017943 0.380711
9 0.378888 0.476523 0.020933 0.503807
0 0.534390 0.293147 0.249402 0.032995
0 0.690191 0.295051 0.065789 0.044416
0 0.689593 0.327411 0.065789 0.043147
0 0.688995 0.359137 0.065789 0.048223
0 0.689294 0.394036 0.065191 0.044416
2 0.413278 0.508883 0.016746 0.030457
2 0.476376 0.508883 0.017344 0.032995
4 0.413278 0.431472 0.015550 0.032995
4 0.413278 0.539975 0.015550 0.031726
4 0.413278 0.616751 0.015550 0.030457
4 0.413577 0.648477 0.016148 0.030457
4 0.413278 0.679569 0.015550 0.031726
4 0.413876 0.711294 0.017943 0.029188