0 0.012859 0.058376 0.025718 0.032995
0 0.039773 0.057741 0.028110 0.031726
0 0.068780 0.056472 0.029904 0.029188
0 0.101376 0.057107 0.036483 0.030457
0 0.143242 0.056472 0.047249 0.029188
0 0.189892 0.057107 0.046053 0.030457
0 0.229665 0.057107 0.033493 0.030457
0 0.275419 0.057741 0.058014 0.031726
0 0.327751 0.057107 0.046651 0.030457
0 0.372309 0.058376 0.042464 0.030457
0 0.409689 0.059010 0.032297 0.031726
22 0.983553 0.135152 0.013756 0.029188
28 0.019438 0.097081 0.024522 0.041878
19 0.251196 0.098985 0.025120 0.043147
19 0.282895 0.097081 0.026316 0.044416
19 0.311603 0.096447 0.023923 0.045685
19 0.383971 0.098350 0.023923 0.044416
19 0.409390 0.098985 0.026914 0.043147
19 0.434809 0.095178 0.020335 0.045685
19 0.468600 0.097716 0.018541 0.043147
34 0.347488 0.097081 0.052632 0.039340
22 0.248804 0.137056 0.014354 0.025381
22 0.500897 0.717005 0.014952 0.025381
22 0.741328 0.715736 0.013756 0.030457
22 0.341507 0.137690 0.014354 0.026650
22 0.435407 0.137056 0.014354 0.027919
12 0.404605 0.138959 0.102273 0.044416
12 0.311603 0.140228 0.104067 0.044416
0 0.743122 0.166244 0.014952 0.025381
0 0.742823 0.661802 0.015550 0.026650
0 0.735646 0.788706 0.014354 0.024112
0 0.735945 0.838198 0.016148 0.024112
0 0.527213 0.864213 0.013756 0.027919
0 0.720694 0.863579 0.013158 0.026650
5 0.715012 0.763325 0.059211 0.039340
9 0.743122 0.331218 0.018541 0.291878
9 0.742524 0.413706 0.022129 0.527919
9 0.736244 0.812183 0.016746 0.038071
9 0.735646 0.812817 0.020335 0.079949
9 0.578947 0.865482 0.096890 0.030457
9 0.623804 0.862944 0.209330 0.038071
0 0.639055 0.828680 0.170455 0.020305
19 0.631579 0.760152 0.015550 0.032995
19 0.655801 0.758883 0.013756 0.032995
19 0.673445 0.758883 0.017943 0.035533
19 0.615431 0.759518 0.015550 0.026650
3 0.572069 0.760152 0.108254 0.038071
13 0.343301 0.139594 0.229665 0.055838
0 0.127691 0.090736 0.200359 0.039340
0 0.127691 0.126904 0.200359 0.032995
0 0.127392 0.163071 0.199761 0.039340
0 0.127392 0.197335 0.200957 0.029188
0 0.127093 0.227792 0.202751 0.031726
0 0.127093 0.257614 0.201555 0.027919
0 0.126794 0.289340 0.203349 0.035533
0 0.126495 0.325508 0.203947 0.039340
0 0.126495 0.359137 0.202751 0.027919
0 0.126794 0.388959 0.203349 0.031726
0 0.126794 0.423858 0.203349 0.038071
0 0.126495 0.456853 0.202751 0.027919
0 0.126794 0.486675 0.203349 0.031726
0 0.126794 0.519036 0.203349 0.032995
0 0.126794 0.556472 0.204545 0.041878
7 0.127691 0.313452 0.213517 0.558376