0 0.012859 0.058376 0.025718 0.032995
0 0.039773 0.057741 0.028110 0.031726
0 0.068780 0.056472 0.029904 0.029188
0 0.101376 0.057107 0.036483 0.030457
0 0.143242 0.056472 0.047249 0.029188
0 0.189892 0.057107 0.046053 0.030457
0 0.229665 0.057107 0.033493 0.030457
0 0.275419 0.057741 0.058014 0.031726
0 0.327751 0.057107 0.046651 0.030457
0 0.372309 0.058376 0.042464 0.030457
0 0.409689 0.059010 0.032297 0.031726
22 0.983553 0.135152 0.013756 0.029188
22 0.063696 0.138325 0.016148 0.027919
12 0.042165 0.137690 0.080742 0.044416
28 0.019438 0.097081 0.024522 0.041878
24 0.044258 0.097081 0.023923 0.044416
23 0.068182 0.097081 0.023923 0.044416
19 0.093301 0.096447 0.023923 0.045685
19 0.120514 0.095812 0.025718 0.041878
19 0.145634 0.096447 0.024522 0.040609
19 0.225778 0.098350 0.024522 0.044416
19 0.251196 0.098985 0.025120 0.043147
19 0.282895 0.097081 0.026316 0.044416
19 0.311603 0.096447 0.023923 0.045685
19 0.383971 0.098350 0.023923 0.044416
19 0.409390 0.098985 0.026914 0.043147
19 0.434809 0.095178 0.020335 0.045685
19 0.468600 0.097716 0.018541 0.043147
34 0.347488 0.097081 0.052632 0.039340
26 0.172847 0.096447 0.025120 0.045685
25 0.198565 0.095812 0.025120 0.044416
22 0.156100 0.137690 0.014354 0.026650
12 0.125897 0.138959 0.103469 0.046954
13 0.091806 0.138959 0.180024 0.064721
20 0.496711 0.498096 0.461124 0.602792
22 0.701256 0.229695 0.020933 0.035533
29 0.663876 0.229061 0.014354 0.029188
0 0.312500 0.757614 0.065191 0.043147
0 0.486244 0.756980 0.063397 0.044416
0 0.551734 0.756980 0.065191 0.044416
0 0.615730 0.755711 0.066388 0.046954
0 0.681220 0.756345 0.064593 0.048223
12 0.327751 0.282995 0.098086 0.048223
12 0.391746 0.283629 0.050239 0.046954
12 0.444378 0.282360 0.080144 0.046954
13 0.381878 0.284264 0.211124 0.063452
3 0.636663 0.324873 0.134569 0.040609
3 0.636364 0.354695 0.135167 0.046954
3 0.636364 0.385152 0.135167 0.044416
3 0.636663 0.416244 0.134569 0.038071
3 0.636962 0.446066 0.133971 0.034264
3 0.637261 0.475888 0.135766 0.035533
3 0.637261 0.506345 0.135766 0.038071
3 0.637261 0.536802 0.134569 0.035533
3 0.636962 0.565990 0.136364 0.040609
3 0.636962 0.596447 0.135167 0.040609
3 0.637261 0.627538 0.134569 0.039340
3 0.636962 0.657360 0.133971 0.038071
3 0.637261 0.687183 0.133373 0.036802