0 0.012859 0.058376 0.025718 0.032995
0 0.039773 0.057741 0.028110 0.031726
0 0.068780 0.056472 0.029904 0.029188
0 0.101376 0.057107 0.036483 0.030457
0 0.143242 0.056472 0.047249 0.029188
0 0.189892 0.057107 0.046053 0.030457
0 0.229665 0.057107 0.033493 0.030457
0 0.275419 0.057741 0.058014 0.031726
0 0.327751 0.057107 0.046651 0.030457
0 0.372309 0.058376 0.042464 0.030457
0 0.409689 0.059010 0.032297 0.031726
22 0.983553 0.135152 0.013756 0.029188
22 0.063696 0.138325 0.016148 0.027919
12 0.042165 0.137690 0.080742 0.044416
28 0.019438 0.097081 0.024522 0.041878
24 0.044258 0.097081 0.023923 0.044416
23 0.068182 0.097081 0.023923 0.044416
19 0.093301 0.096447 0.023923 0.045685
19 0.120514 0.095812 0.025718 0.041878
19 0.145634 0.096447 0.024522 0.040609
19 0.225778 0.098350 0.024522 0.044416
19 0.251196 0.098985 0.025120 0.043147
19 0.282895 0.097081 0.026316 0.044416
19 0.311603 0.096447 0.023923 0.045685
19 0.383971 0.098350 0.023923 0.044416
19 0.409390 0.098985 0.026914 0.043147
19 0.434809 0.095178 0.020335 0.045685
19 0.468600 0.097716 0.018541 0.043147
34 0.347488 0.097081 0.052632 0.039340
26 0.172847 0.096447 0.025120 0.045685
25 0.198565 0.095812 0.025120 0.044416
20 0.497608 0.536802 0.462919 0.690355
22 0.701256 0.230330 0.020933 0.036802
29 0.664474 0.230330 0.020335 0.036802
0 0.312500 0.822970 0.065191 0.044416
0 0.485945 0.822970 0.063995 0.041878
0 0.550837 0.822970 0.064593 0.044416
0 0.616029 0.822970 0.065789 0.046954
0 0.682117 0.823604 0.066388 0.048223
4 0.536483 0.352792 0.015550 0.030457
4 0.536782 0.383883 0.014952 0.031726
4 0.536782 0.415609 0.016148 0.029188
4 0.536782 0.446066 0.017344 0.031726
4 0.537081 0.477792 0.017943 0.031726
4 0.536483 0.508883 0.017943 0.030457
4 0.536782 0.539975 0.019737 0.031726
4 0.533493 0.650381 0.016746 0.031726
5 0.404605 0.366117 0.073565 0.039340
5 0.477871 0.366117 0.072967 0.039340
5 0.655203 0.572970 0.084330 0.039340
5 0.458433 0.697335 0.109450 0.041878
5 0.459031 0.742386 0.109450 0.045685
5 0.654904 0.607234 0.083732 0.039340
5 0.643242 0.686548 0.105861 0.035533
5 0.643242 0.718274 0.105861 0.038071
5 0.643242 0.752538 0.105861 0.038071
12 0.327452 0.282360 0.096292 0.041878
12 0.390251 0.282360 0.048445 0.039340
12 0.445275 0.282360 0.081938 0.041878
13 0.383373 0.281726 0.212919 0.053299
3 0.386962 0.593909 0.040670 0.043147
0 0.504187 0.442259 0.015550 0.029188
0 0.504785 0.612310 0.015550 0.031726
9 0.504785 0.486041 0.019139 0.071066
9 0.504785 0.527284 0.021531 0.206853
0 0.452452 0.439086 0.089115 0.025381
0 0.452153 0.463198 0.087321 0.022843
0 0.451555 0.484137 0.087321 0.019036
0 0.451555 0.502538 0.087321 0.017766
0 0.451555 0.521574 0.086124 0.020305
0 0.451256 0.539340 0.086722 0.017766
0 0.450957 0.557107 0.086124 0.017766
0 0.450658 0.575508 0.085526 0.019036
0 0.450658 0.595178 0.085526 0.020305
0 0.451256 0.612944 0.086722 0.017766
22 0.155801 0.137690 0.014952 0.024112
12 0.127093 0.138959 0.097488 0.044416
13 0.090311 0.138959 0.177033 0.059645