0 0.012859 0.058376 0.025718 0.032995
0 0.039773 0.057741 0.028110 0.031726
0 0.068780 0.056472 0.029904 0.029188
0 0.101376 0.057107 0.036483 0.030457
0 0.143242 0.056472 0.047249 0.029188
0 0.189892 0.057107 0.046053 0.030457
0 0.229665 0.057107 0.033493 0.030457
0 0.275419 0.057741 0.058014 0.031726
0 0.327751 0.057107 0.046651 0.030457
0 0.372309 0.058376 0.042464 0.030457
0 0.409689 0.059010 0.032297 0.031726
22 0.983553 0.135152 0.013756 0.029188
28 0.019438 0.097081 0.024522 0.041878
24 0.044258 0.097081 0.023923 0.044416
19 0.383971 0.098350 0.023923 0.044416
19 0.409390 0.098985 0.026914 0.043147
19 0.434809 0.095178 0.020335 0.045685
19 0.468600 0.097716 0.018541 0.043147
22 0.740730 0.135787 0.014952 0.025381
0 0.159988 0.846447 0.014952 0.025381
0 0.159988 0.984772 0.016148 0.022843
0 0.316986 0.864213 0.014354 0.027919
0 0.454844 0.864848 0.013756 0.026650
0 0.469498 0.839467 0.015550 0.021574
0 0.533493 0.970178 0.083732 0.044416
0 0.987739 0.206218 0.012560 0.026650
0 0.988337 0.936548 0.011364 0.025381
0 0.758971 0.960025 0.011962 0.021574
0 0.976675 0.959391 0.013158 0.022843
5 0.613935 0.882614 0.117823 0.034264
5 0.614234 0.908629 0.118421 0.038071
5 0.614234 0.933376 0.118421 0.034264
5 0.918361 0.173223 0.121411 0.036802
19 0.767045 0.175127 0.020933 0.043147
19 0.790969 0.173223 0.022129 0.041878
19 0.818780 0.175761 0.026316 0.044416
19 0.844199 0.173858 0.023325 0.040609
4 0.498804 0.857234 0.015550 0.031726
4 0.561304 0.857234 0.016148 0.029188
4 0.676734 0.856599 0.014952 0.030457
12 0.784390 0.979695 0.066388 0.032995
12 0.866926 0.979061 0.120215 0.036802
13 0.838218 0.977157 0.182416 0.035533
9 0.988337 0.606599 0.014952 0.370558
9 0.987739 0.568528 0.016148 0.756345
9 0.821471 0.959391 0.119019 0.025381
9 0.867823 0.958756 0.233254 0.031726
9 0.160287 0.895939 0.017943 0.083756
9 0.159988 0.913071 0.020933 0.166244
9 0.345694 0.864848 0.050239 0.031726
9 0.385766 0.863579 0.155502 0.034264
17 0.920156 0.233503 0.068780 0.025381
17 0.914175 0.265863 0.037679 0.026650
17 0.917763 0.326777 0.041268 0.029188
17 0.776914 0.351523 0.039474 0.025381
17 0.772428 0.293147 0.029306 0.025381
17 0.780502 0.234137 0.045455 0.026650
17 0.776017 0.266497 0.037679 0.025381
17 0.780801 0.327411 0.047249 0.027919
17 0.766447 0.508883 0.019737 0.025381
17 0.784988 0.543782 0.055622 0.026650
17 0.828349 0.578680 0.141148 0.027919
17 0.796950 0.612310 0.078349 0.026650
17 0.791866 0.672589 0.069378 0.027919
17 0.770634 0.707487 0.026914 0.026650
22 0.473983 0.717640 0.016148 0.026650
22 0.740730 0.715736 0.016148 0.025381
22 0.511663 0.302665 0.013756 0.026650
22 0.605263 0.302030 0.014354 0.025381
0 0.743122 0.330584 0.016148 0.024112
0 0.742225 0.661168 0.016746 0.027919
9 0.743421 0.411168 0.017943 0.106599
9 0.742823 0.494924 0.021531 0.362944
15 0.735347 0.215736 0.019737 0.027919
15 0.735945 0.216371 0.022129 0.110406
12 0.574462 0.303299 0.099880 0.048223
0 0.468301 0.788706 0.014354 0.026650
9 0.469199 0.814721 0.016148 0.038071
9 0.469199 0.812183 0.018541 0.081218
5 0.614234 0.756980 0.118421 0.039340
5 0.614234 0.782995 0.118421 0.038071
5 0.445574 0.761421 0.056220 0.035533
19 0.406699 0.760152 0.016746 0.032995
19 0.388756 0.760787 0.015550 0.031726
19 0.365431 0.759518 0.016746 0.034264
19 0.349282 0.760787 0.011962 0.024112
2 0.569976 0.821701 0.016746 0.029188
2 0.621411 0.821701 0.015550 0.029188
5 0.536184 0.177030 0.388158 0.041878
22 0.419557 0.305203 0.016148 0.029188
12 0.392045 0.305203 0.096292 0.052030
12 0.481160 0.305203 0.101077 0.052030
13 0.485646 0.303299 0.282297 0.078680
23 0.070275 0.096447 0.029306 0.050761
5 0.359450 0.098350 0.029904 0.036802
0 0.214115 0.090736 0.258373 0.036802
0 0.213517 0.129442 0.258373 0.040609
0 0.213517 0.164975 0.259569 0.030457
0 0.213816 0.197335 0.258971 0.034264
0 0.213517 0.232868 0.257177 0.034264
0 0.213816 0.265228 0.257775 0.030457
0 0.214115 0.297589 0.258373 0.034264
0 0.214414 0.330584 0.258971 0.031726
0 0.214115 0.361675 0.258373 0.030457
0 0.214115 0.391497 0.259569 0.029188
0 0.214414 0.422589 0.258971 0.032995
0 0.214414 0.455584 0.258971 0.032995
0 0.214115 0.484772 0.258373 0.030457
0 0.214115 0.517766 0.259569 0.032995
0 0.214414 0.552030 0.258971 0.040609
0 0.214713 0.590102 0.259569 0.035533
0 0.214115 0.626904 0.260766 0.038071
0 0.213517 0.663706 0.260766 0.035533
0 0.213816 0.697970 0.260167 0.032995
0 0.213816 0.733503 0.261364 0.038071
0 0.214115 0.770305 0.260766 0.038071
0 0.214115 0.806472 0.260766 0.034264
7 0.214713 0.434010 0.269139 0.802030