0 0.012859 0.058376 0.025718 0.032995
0 0.039773 0.057741 0.028110 0.031726
0 0.068780 0.056472 0.029904 0.029188
0 0.101376 0.057107 0.036483 0.030457
0 0.143242 0.056472 0.047249 0.029188
0 0.189892 0.057107 0.046053 0.030457
0 0.229665 0.057107 0.033493 0.030457
0 0.275419 0.057741 0.058014 0.031726
0 0.327751 0.057107 0.046651 0.030457
0 0.372309 0.058376 0.042464 0.030457
0 0.409689 0.059010 0.032297 0.031726
22 0.983553 0.135152 0.013756 0.029188
19 0.225778 0.098350 0.024522 0.044416
19 0.251196 0.098985 0.025120 0.043147
19 0.282895 0.097081 0.026316 0.044416
19 0.311603 0.096447 0.023923 0.045685
19 0.383971 0.098350 0.023923 0.044416
19 0.409390 0.098985 0.026914 0.043147
19 0.434809 0.095178 0.020335 0.045685
19 0.468600 0.097716 0.018541 0.043147
34 0.347488 0.097081 0.052632 0.039340
0 0.101376 0.091371 0.201555 0.035533
0 0.101675 0.125000 0.202153 0.034264
0 0.101376 0.159898 0.201555 0.035533
0 0.101077 0.192893 0.200957 0.030457
0 0.101376 0.224619 0.201555 0.032995
0 0.101376 0.254442 0.201555 0.026650
0 0.101376 0.283629 0.200359 0.031726
0 0.101376 0.315355 0.200359 0.031726
0 0.100778 0.348985 0.200359 0.032995
0 0.101376 0.383249 0.200359 0.035533
0 0.101077 0.418782 0.200957 0.035533
0 0.101675 0.450508 0.200957 0.027919
0 0.101376 0.480964 0.202751 0.032995
0 0.101077 0.517766 0.202153 0.040609
7 0.104964 0.294416 0.208732 0.522843