0 0.012859 0.058376 0.025718 0.032995
0 0.039773 0.057741 0.028110 0.031726
0 0.068780 0.056472 0.029904 0.029188
0 0.101376 0.057107 0.036483 0.030457
0 0.143242 0.056472 0.047249 0.029188
0 0.189892 0.057107 0.046053 0.030457
0 0.229665 0.057107 0.033493 0.030457
0 0.275419 0.057741 0.058014 0.031726
0 0.327751 0.057107 0.046651 0.030457
0 0.372309 0.058376 0.042464 0.030457
0 0.409689 0.059010 0.032297 0.031726
22 0.983553 0.135152 0.013756 0.029188
19 0.409390 0.098985 0.026914 0.043147
19 0.434809 0.095178 0.020335 0.045685
19 0.468600 0.097716 0.018541 0.043147
19 0.226376 0.088832 0.023325 0.027919
19 0.250897 0.088198 0.023325 0.026650
19 0.283194 0.090102 0.022129 0.025381
19 0.310706 0.090102 0.020933 0.025381
19 0.382775 0.091371 0.019139 0.025381
5 0.347787 0.090102 0.050837 0.022843
0 0.566687 0.166244 0.016148 0.027919
0 0.566388 0.703680 0.016746 0.026650
22 0.564892 0.760152 0.016148 0.027919
9 0.566986 0.370558 0.017943 0.395939
9 0.566687 0.434645 0.020933 0.569797
0 0.101077 0.090102 0.200957 0.032995
0 0.099581 0.122462 0.195574 0.031726
0 0.098684 0.159898 0.194976 0.043147
0 0.098684 0.193528 0.196172 0.024112
0 0.098983 0.223350 0.196770 0.035533
0 0.098983 0.254442 0.195574 0.026650
0 0.099282 0.284898 0.196172 0.034264
0 0.101974 0.315990 0.201555 0.027919
0 0.101077 0.347716 0.202153 0.035533
0 0.101077 0.382614 0.200957 0.034264
0 0.101376 0.418147 0.202751 0.036802
0 0.101675 0.450508 0.202153 0.030457
0 0.101675 0.480964 0.202153 0.030457
0 0.101974 0.517132 0.202751 0.041878
0 0.292165 0.125000 0.193182 0.036802
0 0.292763 0.160533 0.193182 0.034264
0 0.292763 0.192893 0.191986 0.030457
0 0.293361 0.223350 0.191986 0.032995
0 0.293660 0.259518 0.192584 0.039340
7 0.103768 0.293147 0.207536 0.520305
8 0.289773 0.196066 0.207536 0.191624