22 0.987141 0.008883 0.013756 0.017766
32 0.962022 0.012056 0.013756 0.016497
0 0.009868 0.038706 0.014952 0.016497
0 0.028409 0.037437 0.018541 0.013959
0 0.049940 0.038071 0.022129 0.020305
0 0.082835 0.037437 0.034091 0.016497
23 0.203349 0.100888 0.014354 0.024112
31 0.133373 0.113579 0.015550 0.026650
12 0.016148 0.068528 0.023923 0.022843
0 0.239833 0.102157 0.011962 0.016497
5 0.230562 0.100254 0.034091 0.017766
3 0.343600 0.101523 0.144139 0.027919
3 0.537380 0.104061 0.170455 0.025381
3 0.715311 0.102157 0.155502 0.024112
3 0.912380 0.098985 0.154904 0.027919
12 0.170455 0.822335 0.051435 0.027919
12 0.218900 0.821066 0.045455 0.027919
12 0.253888 0.820431 0.028110 0.034264
12 0.281998 0.819797 0.024522 0.025381
13 0.220694 0.820431 0.155502 0.046954
21 0.499402 0.923858 0.992823 0.078680
0 0.116328 0.114213 0.010167 0.017766
0 0.118122 0.212563 0.012560 0.024112
5 0.065191 0.116117 0.116029 0.029188
5 0.065490 0.213198 0.116627 0.027919
31 0.132775 0.215102 0.015550 0.026650
28 0.015550 0.260787 0.014354 0.021574
24 0.034091 0.259518 0.014354 0.021574
3 0.084629 0.828680 0.114234 0.025381
9 0.991926 0.920685 0.011364 0.079949
9 0.990730 0.909898 0.010167 0.022843
0 0.991029 0.890228 0.013158 0.021574
0 0.990730 0.954949 0.010167 0.016497
0 0.074462 0.311548 0.139354 0.016497
0 0.075060 0.327411 0.138158 0.015228
0 0.073864 0.342640 0.135766 0.015228
0 0.073266 0.362944 0.136962 0.025381
0 0.909390 0.790609 0.046053 0.022843
0 0.959928 0.788706 0.050239 0.019036
0 0.962620 0.506345 0.042464 0.027919
0 0.300538 0.366117 0.010167 0.013959
0 0.301136 0.354061 0.010167 0.012690
0 0.302632 0.384518 0.010766 0.012690
0 0.301734 0.397208 0.013756 0.017766
0 0.688696 0.386421 0.011364 0.013959
0 0.686902 0.396574 0.010167 0.011421
0 0.745813 0.385787 0.010766 0.012690
0 0.745813 0.396574 0.011962 0.011421
4 0.758373 0.390863 0.010766 0.022843
0 0.279904 0.423223 0.011962 0.019036
5 0.268541 0.419416 0.039474 0.026650
3 0.278708 0.359137 0.034689 0.022843
3 0.278110 0.389594 0.034689 0.022843
3 0.722488 0.388959 0.033493 0.019036
6 0.301136 0.354061 0.013756 0.022843
6 0.302033 0.386421 0.016746 0.031726
6 0.688995 0.391497 0.011962 0.024112
6 0.746711 0.390228 0.013756 0.026650
22 0.650120 0.205584 0.013158 0.022843
0 0.510766 0.782995 0.041866 0.022843
0 0.571172 0.782995 0.070574 0.030457
0 0.630981 0.781726 0.040670 0.025381
19 0.640550 0.273477 0.017943 0.024112
19 0.640251 0.304569 0.018541 0.032995
0 0.621711 0.333756 0.014952 0.017766
5 0.539474 0.335660 0.180622 0.029188
3 0.539175 0.274746 0.176435 0.031726
3 0.539175 0.307741 0.182416 0.026650
3 0.540371 0.370558 0.180024 0.027919
20 0.498206 0.500635 0.324163 0.620558
3 0.539474 0.392766 0.177033 0.026650
4 0.350179 0.427030 0.011364 0.021574
4 0.351077 0.456218 0.010766 0.021574
4 0.350179 0.482868 0.012560 0.024112
4 0.351675 0.514594 0.014354 0.019036
4 0.345395 0.551396 0.010167 0.021574