22 0.987141 0.008883 0.013756 0.017766
32 0.962022 0.012056 0.013756 0.016497
0 0.009868 0.038706 0.014952 0.016497
0 0.028409 0.037437 0.018541 0.013959
0 0.049940 0.038071 0.022129 0.020305
0 0.082835 0.037437 0.034091 0.016497
23 0.203349 0.100888 0.014354 0.024112
31 0.133373 0.113579 0.015550 0.026650
12 0.016148 0.068528 0.023923 0.022843
0 0.239833 0.102157 0.011962 0.016497
5 0.230562 0.100254 0.034091 0.017766
3 0.343600 0.101523 0.144139 0.027919
3 0.537380 0.104061 0.170455 0.025381
3 0.715311 0.102157 0.155502 0.024112
3 0.912380 0.098985 0.154904 0.027919
12 0.170455 0.822335 0.051435 0.027919
12 0.218900 0.821066 0.045455 0.027919
12 0.253888 0.820431 0.028110 0.034264
12 0.281998 0.819797 0.024522 0.025381
13 0.220694 0.820431 0.155502 0.046954
21 0.499402 0.923858 0.992823 0.078680
0 0.116328 0.114213 0.010167 0.017766
0 0.118122 0.212563 0.012560 0.024112
5 0.065191 0.116117 0.116029 0.029188
5 0.065490 0.213198 0.116627 0.027919
31 0.132775 0.215102 0.015550 0.026650
28 0.015550 0.260787 0.014354 0.021574
24 0.034091 0.259518 0.014354 0.021574
3 0.084629 0.828680 0.114234 0.025381
0 0.828947 0.135787 0.010766 0.030457
0 0.862440 0.135787 0.010766 0.022843
12 0.780203 0.789975 0.066388 0.024112
12 0.838517 0.789340 0.050239 0.022843
13 0.804127 0.790609 0.117823 0.030457
19 0.857356 0.368020 0.011364 0.017766
19 0.866926 0.366117 0.012560 0.019036
19 0.878589 0.368655 0.013158 0.016497
19 0.887560 0.367386 0.011962 0.016497
14 0.805921 0.493655 0.110646 0.147208
23 0.298744 0.133883 0.017344 0.024112
23 0.316388 0.137056 0.017943 0.027919
28 0.243421 0.137056 0.013158 0.022843
28 0.334330 0.137690 0.013158 0.021574
24 0.279007 0.136421 0.017344 0.024112
19 0.260766 0.139594 0.015550 0.030457
0 0.382476 0.135787 0.012560 0.027919
9 0.991328 0.921954 0.013756 0.087563
9 0.990132 0.912437 0.010167 0.032995
0 0.989533 0.888325 0.012560 0.020305
0 0.988935 0.953046 0.012560 0.020305
3 0.179426 0.654822 0.046651 0.035533
3 0.235646 0.654822 0.065789 0.035533
3 0.235048 0.676396 0.068182 0.027919
3 0.177632 0.677665 0.046651 0.025381
19 0.249402 0.584391 0.015550 0.026650
23 0.306519 0.582487 0.014952 0.025381
24 0.267644 0.584391 0.016148 0.026650
28 0.230562 0.585660 0.013756 0.026650
31 0.322069 0.581218 0.014952 0.025381
3 0.768541 0.459391 0.013158 0.022843
3 0.769438 0.484772 0.011364 0.027919
3 0.769139 0.511421 0.010766 0.025381
3 0.768840 0.536802 0.011364 0.025381
3 0.812500 0.458122 0.073565 0.025381
3 0.812500 0.484137 0.072368 0.026650
3 0.811304 0.512056 0.071172 0.029188
3 0.810706 0.539975 0.069976 0.026650
28 0.853469 0.399746 0.017943 0.025381
28 0.944976 0.400381 0.013158 0.026650
23 0.927931 0.401650 0.013756 0.024112
24 0.889952 0.402284 0.014354 0.025381
19 0.872608 0.404188 0.014354 0.024112
0 0.072667 0.305838 0.138158 0.020305
0 0.072667 0.324239 0.138158 0.016497
0 0.072368 0.340102 0.137560 0.015228
0 0.072667 0.358503 0.136962 0.021574
19 0.296651 0.351523 0.010766 0.020305
19 0.310108 0.352792 0.013756 0.017766
0 0.740730 0.159264 0.013756 0.019036
0 0.740431 0.328046 0.011962 0.016497
9 0.739833 0.247462 0.013158 0.187817
9 0.739833 0.194797 0.011962 0.049492
9 0.854067 0.490482 0.010766 0.140863
9 0.854067 0.456218 0.010766 0.034264
0 0.853768 0.430838 0.013756 0.024112
0 0.853469 0.553299 0.011962 0.022843
18 0.196471 0.292513 0.024522 0.021574
20 0.499701 0.497462 0.341507 0.444162
0 0.642644 0.695431 0.042464 0.022843
0 0.610945 0.694797 0.013756 0.021574
5 0.500598 0.697335 0.234450 0.029188
3 0.500299 0.666878 0.231459 0.026650
0 0.557715 0.331853 0.012560 0.016497
0 0.650120 0.360406 0.013158 0.017766
0 0.659390 0.640863 0.012560 0.015228
0 0.392943 0.638325 0.010766 0.017766
0 0.436603 0.380076 0.095694 0.021574
5 0.473983 0.335660 0.181220 0.026650
19 0.606459 0.329315 0.015550 0.019036
19 0.590012 0.330584 0.011364 0.026650
19 0.573266 0.330584 0.012560 0.019036
19 0.639653 0.328680 0.013756 0.022843
19 0.656699 0.328680 0.014354 0.025381
9 0.527512 0.638325 0.278708 0.020305
9 0.615132 0.637690 0.085526 0.016497
28 0.624103 0.329315 0.013756 0.024112