22 0.987141 0.008883 0.013756 0.017766
32 0.962022 0.012056 0.013756 0.016497
0 0.009868 0.038706 0.014952 0.016497
0 0.028409 0.037437 0.018541 0.013959
0 0.049940 0.038071 0.022129 0.020305
0 0.082835 0.037437 0.034091 0.016497
23 0.203349 0.100888 0.014354 0.024112
31 0.133373 0.113579 0.015550 0.026650
12 0.016148 0.068528 0.023923 0.022843
0 0.239833 0.102157 0.011962 0.016497
5 0.230562 0.100254 0.034091 0.017766
3 0.343600 0.101523 0.144139 0.027919
3 0.537380 0.104061 0.170455 0.025381
3 0.715311 0.102157 0.155502 0.024112
3 0.912380 0.098985 0.154904 0.027919
12 0.170455 0.822335 0.051435 0.027919
12 0.218900 0.821066 0.045455 0.027919
12 0.253888 0.820431 0.028110 0.034264
12 0.281998 0.819797 0.024522 0.025381
13 0.220694 0.820431 0.155502 0.046954
21 0.499402 0.923858 0.992823 0.078680
0 0.116328 0.114213 0.010167 0.017766
0 0.118122 0.212563 0.012560 0.024112
5 0.065191 0.116117 0.116029 0.029188
5 0.065490 0.213198 0.116627 0.027919
31 0.132775 0.215102 0.015550 0.026650
28 0.015550 0.260787 0.014354 0.021574
24 0.034091 0.259518 0.014354 0.021574
3 0.084629 0.828680 0.114234 0.025381
9 0.991926 0.920685 0.011364 0.079949
9 0.990730 0.909898 0.010167 0.022843
0 0.991029 0.890228 0.013158 0.021574
0 0.990730 0.954949 0.010167 0.016497
0 0.074462 0.311548 0.139354 0.016497
0 0.075060 0.327411 0.138158 0.015228
0 0.073864 0.342640 0.135766 0.015228
0 0.073266 0.362944 0.136962 0.025381
0 0.909390 0.790609 0.046053 0.022843
0 0.959928 0.788706 0.050239 0.019036
0 0.300538 0.366117 0.010167 0.013959
0 0.301136 0.354061 0.010167 0.012690
0 0.302632 0.384518 0.010766 0.012690
0 0.301734 0.397208 0.013756 0.017766
0 0.359749 0.354695 0.011364 0.011421
0 0.359749 0.365482 0.011364 0.010152
0 0.360048 0.383249 0.011962 0.012690
0 0.359749 0.396574 0.012560 0.013959
0 0.688696 0.386421 0.011364 0.013959
0 0.686902 0.396574 0.010167 0.011421
0 0.745813 0.385787 0.010766 0.012690
0 0.745813 0.396574 0.011962 0.011421
4 0.758373 0.390863 0.010766 0.022843
4 0.371112 0.355964 0.011364 0.021574
4 0.369916 0.387056 0.010167 0.030457
0 0.279904 0.423223 0.011962 0.019036
5 0.268541 0.419416 0.039474 0.026650
3 0.278708 0.359137 0.034689 0.022843
3 0.278110 0.389594 0.034689 0.022843
3 0.336124 0.355330 0.034689 0.020305
3 0.337321 0.386421 0.033493 0.024112
3 0.799043 0.360406 0.328947 0.020305
3 0.799342 0.421954 0.329545 0.021574
3 0.663876 0.389594 0.037081 0.020305
3 0.722488 0.388959 0.033493 0.019036
6 0.301136 0.354061 0.013756 0.022843
6 0.358254 0.357868 0.013158 0.030457
6 0.302033 0.386421 0.016746 0.031726
6 0.359151 0.388325 0.012560 0.025381
6 0.688995 0.391497 0.011962 0.024112
6 0.746711 0.390228 0.013756 0.026650
0 0.965909 0.579949 0.043062 0.025381
19 0.973086 0.496827 0.011962 0.019036
19 0.976376 0.357868 0.014952 0.025381
19 0.978170 0.423223 0.013756 0.019036
20 0.501196 0.500000 0.148325 0.154822
0 0.467703 0.551396 0.041866 0.024112
0 0.530502 0.552665 0.041866 0.024112
22 0.566089 0.437817 0.013756 0.022843
2 0.434809 0.470812 0.013158 0.025381
2 0.504486 0.473350 0.014952 0.025381
0 0.525419 0.506980 0.010167 0.016497
0 0.524821 0.520939 0.011364 0.011421
6 0.525120 0.513959 0.015550 0.030457
3 0.505084 0.510787 0.029306 0.021574