19 0.442285 0.110406 0.028110 0.038071
19 0.474880 0.109772 0.027512 0.039340
19 0.507177 0.110406 0.029904 0.032995
30 0.540969 0.110406 0.036483 0.035533
19 0.576256 0.111675 0.029306 0.030457
19 0.618122 0.111675 0.030502 0.027919
19 0.652512 0.113579 0.032297 0.034264
19 0.685407 0.114848 0.025120 0.039340
19 0.725179 0.110406 0.025718 0.038071
19 0.757775 0.115482 0.031100 0.040609
19 0.793959 0.112944 0.025718 0.035533
19 0.831041 0.114213 0.034091 0.035533
19 0.867225 0.110406 0.033493 0.027919
19 0.902512 0.111675 0.035885 0.038071
19 0.935407 0.109772 0.029904 0.039340
19 0.456639 0.161168 0.028110 0.032995
19 0.491627 0.163706 0.033493 0.043147
19 0.534091 0.156726 0.032297 0.034264
19 0.567883 0.161802 0.031699 0.041878
19 0.598684 0.161802 0.029904 0.036802
19 0.632775 0.163706 0.034689 0.035533
19 0.667763 0.159264 0.031699 0.039340
19 0.698565 0.161802 0.028708 0.041878
19 0.735048 0.163706 0.039474 0.040609
19 0.773923 0.163706 0.034689 0.035533
19 0.811304 0.159898 0.034091 0.038071
19 0.843301 0.160533 0.023923 0.041878
19 0.876495 0.162437 0.031699 0.040609
19 0.910586 0.166244 0.030502 0.035533
19 0.944079 0.158629 0.038876 0.035533
9 0.983553 0.578680 0.018541 0.774112
0 0.982656 0.201142 0.017943 0.031726
0 0.990132 0.164340 0.014952 0.031726
0 0.981459 0.947335 0.017943 0.031726
0 0.024821 0.069797 0.036483 0.025381
0 0.064892 0.072970 0.036483 0.026650
0 0.113038 0.072335 0.046651 0.022843
0 0.167763 0.062817 0.056818 0.031726
0 0.236244 0.070431 0.065789 0.029188
0 0.318481 0.071066 0.083134 0.030457
0 0.387560 0.069797 0.041866 0.027919
0 0.443481 0.072970 0.041268 0.026650
19 0.357656 0.157360 0.029904 0.043147
19 0.390550 0.157995 0.029904 0.041878
19 0.424641 0.160533 0.028708 0.039340
19 0.406998 0.111041 0.026914 0.036802
26 0.343900 0.108503 0.028708 0.036802
25 0.372907 0.107234 0.034091 0.036802
7 0.165670 0.399746 0.321770 0.685279
0 0.165072 0.105964 0.318182 0.039340
0 0.167165 0.144036 0.313995 0.036802
0 0.163278 0.182107 0.306220 0.039340
0 0.163876 0.218909 0.305024 0.034264
0 0.157596 0.265863 0.292464 0.059645
0 0.167165 0.380076 0.318780 0.031726
0 0.162380 0.487944 0.312799 0.039340
0 0.162380 0.580584 0.310407 0.029188
0 0.165371 0.634518 0.305622 0.032995
0 0.162380 0.668147 0.310407 0.034264
0 0.148026 0.710660 0.281699 0.050761
0 0.459629 0.614213 0.229067 0.038071
0 0.450957 0.659264 0.246411 0.052030
8 0.435108 0.625000 0.274522 0.128173
32 0.912679 0.020305 0.027512 0.035533
22 0.970395 0.023477 0.036483 0.036802
9 0.982955 0.453680 0.017344 0.473350