32 0.912679 0.020305 0.027512 0.035533
22 0.970395 0.023477 0.036483 0.036802
19 0.166567 0.159264 0.031699 0.036802
19 0.207237 0.162437 0.035287 0.032995
19 0.243720 0.164975 0.032895 0.038071
19 0.285885 0.164340 0.032297 0.029188
19 0.322967 0.163706 0.031100 0.032995
19 0.355263 0.161168 0.028708 0.032995
19 0.388457 0.162437 0.029306 0.030457
19 0.422548 0.159264 0.029306 0.036802
19 0.453947 0.160533 0.023923 0.036802
19 0.487739 0.162437 0.029306 0.030457
19 0.531998 0.159898 0.038876 0.038071
19 0.565490 0.161168 0.024522 0.038071
19 0.596890 0.157995 0.032297 0.036802
19 0.632775 0.161802 0.027512 0.039340
19 0.665670 0.162437 0.025120 0.043147
19 0.699163 0.159898 0.033493 0.032995
19 0.737440 0.157995 0.033493 0.036802
19 0.773325 0.161168 0.032297 0.040609
19 0.808014 0.160533 0.026316 0.039340
19 0.844498 0.163071 0.037081 0.041878
19 0.877990 0.156726 0.029904 0.041878
19 0.911782 0.162437 0.031699 0.040609
19 0.945275 0.159264 0.032895 0.031726
19 0.936902 0.109772 0.024522 0.044416
19 0.901316 0.112310 0.027512 0.046954
19 0.868122 0.110406 0.034091 0.043147
19 0.835227 0.111041 0.029306 0.039340
19 0.797249 0.111041 0.033493 0.034264
19 0.761663 0.114848 0.031699 0.041878
19 0.725478 0.114213 0.027512 0.045685
19 0.687201 0.116117 0.037081 0.036802
19 0.650718 0.111675 0.029904 0.040609
19 0.616328 0.115482 0.036483 0.043147
19 0.577452 0.112310 0.032895 0.034264
19 0.507476 0.111041 0.031699 0.034264
19 0.474581 0.110406 0.030502 0.045685
19 0.438397 0.114848 0.033493 0.036802
19 0.406400 0.113579 0.024522 0.044416
19 0.301136 0.114213 0.029306 0.030457
19 0.264354 0.112944 0.035885 0.038071
23 0.223684 0.111041 0.027512 0.031726
24 0.190191 0.111675 0.031100 0.032995
25 0.375299 0.112944 0.032895 0.038071
26 0.341806 0.110406 0.023325 0.035533
30 0.543361 0.112310 0.031699 0.041878
28 0.156699 0.114213 0.028708 0.040609
0 0.990132 0.156726 0.014952 0.026650
0 0.986543 0.200508 0.020933 0.032995
0 0.983852 0.942259 0.017943 0.034264
9 0.985048 0.572335 0.022727 0.776650
0 0.020335 0.067259 0.035885 0.025381
0 0.063995 0.068528 0.043062 0.025381
0 0.113636 0.069797 0.046651 0.032995
0 0.168361 0.072335 0.055622 0.035533
0 0.238636 0.069797 0.068182 0.025381
0 0.317883 0.072335 0.083134 0.030457
0 0.389952 0.069797 0.056220 0.027919
0 0.444378 0.069797 0.041866 0.030457
5 0.077153 0.509518 0.124402 0.823604
0 0.077153 0.138325 0.123206 0.025381
0 0.075957 0.162437 0.125598 0.022843
0 0.076854 0.185914 0.127392 0.024112
0 0.077452 0.210025 0.126196 0.024112
0 0.075359 0.229061 0.122010 0.013959
0 0.076256 0.248096 0.120215 0.024112
0 0.077452 0.270939 0.122608 0.029188
0 0.078349 0.302030 0.120813 0.032995
0 0.078947 0.332487 0.122010 0.027919
0 0.076256 0.354061 0.127392 0.022843
0 0.069378 0.376269 0.111244 0.029188
0 0.075658 0.420051 0.123804 0.027919
0 0.075359 0.435279 0.124402 0.017766
0 0.076555 0.454949 0.125598 0.021574
0 0.077153 0.478426 0.124402 0.025381
0 0.078648 0.500635 0.127392 0.029188
0 0.077452 0.524112 0.129785 0.022843
0 0.076555 0.547589 0.122010 0.029188
0 0.075957 0.586929 0.120813 0.024112
0 0.079844 0.612944 0.117823 0.025381
0 0.075359 0.631345 0.126794 0.021574
0 0.074761 0.652284 0.125598 0.020305
0 0.075060 0.675127 0.125000 0.025381
0 0.075060 0.699239 0.125000 0.022843
0 0.075957 0.721447 0.123206 0.021574
0 0.076256 0.756980 0.123804 0.029188
0 0.078050 0.782360 0.122608 0.024112
0 0.077452 0.803934 0.121411 0.019036
0 0.076256 0.824873 0.123804 0.022843
0 0.075658 0.846447 0.122608 0.020305
0 0.075957 0.868655 0.122010 0.024112
0 0.076555 0.901015 0.123206 0.040609
9 0.985048 0.456218 0.020335 0.463198
0 0.128888 0.109772 0.017344 0.024112