0 0.024522 0.069162 0.032297 0.026650
0 0.066089 0.068528 0.046053 0.030457
0 0.112739 0.066624 0.040072 0.034264
0 0.168361 0.070431 0.058014 0.024112
0 0.237739 0.072970 0.073565 0.029188
0 0.319378 0.072335 0.077751 0.027919
0 0.388756 0.068528 0.051435 0.022843
0 0.440490 0.071066 0.047249 0.020305
0 0.265550 0.112310 0.247608 0.034264
0 0.266148 0.146574 0.246411 0.034264
0 0.264653 0.182107 0.243421 0.036802
0 0.262859 0.216371 0.247010 0.031726
0 0.263457 0.251904 0.248206 0.039340
0 0.263158 0.289975 0.248804 0.036802
0 0.263457 0.329949 0.249402 0.043147
0 0.263158 0.368020 0.250000 0.032995
0 0.263756 0.404822 0.251196 0.040609
0 0.265849 0.441624 0.247010 0.032995
0 0.266148 0.487944 0.247608 0.034264
0 0.265849 0.520939 0.248206 0.031726
0 0.265251 0.559645 0.247010 0.045685
0 0.265849 0.601523 0.247010 0.038071
0 0.269139 0.635152 0.253589 0.029188
0 0.267943 0.670685 0.255981 0.041878
0 0.268242 0.717005 0.257775 0.043147
0 0.267644 0.759518 0.256579 0.041878
0 0.267943 0.798858 0.255981 0.036802
0 0.268840 0.836294 0.257775 0.038071
0 0.270036 0.871827 0.255383 0.032995
0 0.273325 0.908629 0.261962 0.040609
0 0.272129 0.947335 0.264354 0.036802
0 0.268840 0.980964 0.257775 0.030457
19 0.737440 0.163706 0.035885 0.038071
19 0.775718 0.161802 0.033493 0.041878
19 0.811005 0.163706 0.031100 0.043147
19 0.843900 0.161168 0.028708 0.035533
19 0.875598 0.163706 0.031100 0.040609
19 0.909689 0.163071 0.027512 0.039340
19 0.944079 0.160533 0.030502 0.034264
19 0.937500 0.114848 0.035287 0.034264
19 0.905203 0.104061 0.029306 0.040609
19 0.872010 0.107868 0.037081 0.043147
19 0.836124 0.109772 0.029904 0.026650
19 0.796950 0.108503 0.041268 0.036802
19 0.760167 0.110406 0.023923 0.035533
19 0.726675 0.107234 0.026316 0.039340
19 0.029306 0.156726 0.027512 0.031726
19 0.062500 0.158629 0.030502 0.032995
19 0.097189 0.159898 0.026914 0.045685
19 0.127990 0.158629 0.022727 0.048223
0 0.985646 0.159898 0.023923 0.038071
0 0.985347 0.197335 0.018541 0.031726
0 0.987440 0.943528 0.016746 0.021574
9 0.985347 0.576777 0.020933 0.772843
0 0.546950 0.146574 0.309211 0.039340
0 0.546651 0.184645 0.309809 0.036802
0 0.544856 0.221447 0.306220 0.036802
0 0.544258 0.256345 0.307416 0.032995
0 0.544856 0.292513 0.308612 0.039340
0 0.545455 0.329949 0.307416 0.035533
0 0.546352 0.368655 0.309211 0.041878
0 0.546352 0.404188 0.309211 0.029188
0 0.546352 0.437817 0.309211 0.038071
0 0.546352 0.473350 0.309211 0.030457
0 0.543660 0.510152 0.303828 0.043147
0 0.775419 0.512690 0.160885 0.040609
0 0.773923 0.548223 0.163876 0.030457
0 0.775120 0.581853 0.166268 0.036802
0 0.776615 0.618020 0.163278 0.035533
7 0.268242 0.517766 0.262560 0.934010
8 0.536483 0.329315 0.327751 0.404822
8 0.768242 0.567259 0.180024 0.149746
5 0.079246 0.111675 0.123804 0.032995
32 0.912679 0.020305 0.027512 0.035533
22 0.970395 0.023477 0.036483 0.036802
9 0.985048 0.456218 0.019139 0.478426
0 0.125897 0.109772 0.026914 0.019036