0 0.024522 0.069162 0.032297 0.026650
0 0.066089 0.068528 0.046053 0.030457
0 0.112739 0.066624 0.040072 0.034264
0 0.168361 0.070431 0.058014 0.024112
0 0.237739 0.072970 0.073565 0.029188
0 0.319378 0.072335 0.077751 0.027919
0 0.388756 0.068528 0.051435 0.022843
0 0.440490 0.071066 0.047249 0.020305
0 0.265550 0.112310 0.247608 0.034264
0 0.266148 0.146574 0.246411 0.034264
0 0.264653 0.182107 0.243421 0.036802
0 0.262859 0.216371 0.247010 0.031726
0 0.263457 0.251904 0.248206 0.039340
0 0.263158 0.289975 0.248804 0.036802
0 0.263457 0.329949 0.249402 0.043147
0 0.263158 0.368020 0.250000 0.032995
0 0.263756 0.404822 0.251196 0.040609
0 0.265849 0.441624 0.247010 0.032995
0 0.266148 0.487944 0.247608 0.034264
0 0.265849 0.520939 0.248206 0.031726
0 0.265251 0.559645 0.247010 0.045685
0 0.265849 0.601523 0.247010 0.038071
0 0.269139 0.635152 0.253589 0.029188
0 0.267943 0.670685 0.255981 0.041878
0 0.268242 0.717005 0.257775 0.043147
0 0.267644 0.759518 0.256579 0.041878
0 0.267943 0.798858 0.255981 0.036802
0 0.268840 0.836294 0.257775 0.038071
0 0.270036 0.871827 0.255383 0.032995
0 0.273325 0.908629 0.261962 0.040609
0 0.272129 0.947335 0.264354 0.036802
0 0.268840 0.980964 0.257775 0.030457
19 0.686304 0.106599 0.030502 0.040609
19 0.775718 0.161802 0.033493 0.041878
19 0.811005 0.163706 0.031100 0.043147
19 0.843900 0.161168 0.028708 0.035533
19 0.875598 0.163706 0.031100 0.040609
19 0.909689 0.163071 0.027512 0.039340
19 0.944079 0.160533 0.030502 0.034264
19 0.937500 0.114848 0.035287 0.034264
19 0.905203 0.104061 0.029306 0.040609
19 0.872010 0.107868 0.037081 0.043147
19 0.836124 0.109772 0.029904 0.026650
19 0.796950 0.108503 0.041268 0.036802
19 0.760167 0.110406 0.023923 0.035533
19 0.726675 0.107234 0.026316 0.039340
19 0.652512 0.109772 0.027512 0.041878
19 0.616627 0.114213 0.033493 0.038071
19 0.576555 0.109772 0.031100 0.039340
19 0.509270 0.116117 0.025718 0.036802
19 0.474880 0.107868 0.035885 0.040609
19 0.440191 0.111041 0.031100 0.039340
5 0.075658 0.110406 0.126196 0.027919
0 0.991029 0.168782 0.015550 0.035533
0 0.986842 0.201142 0.019139 0.024112
0 0.985945 0.944797 0.023325 0.024112
9 0.985945 0.568528 0.020933 0.763959
7 0.268541 0.526015 0.255981 0.940355
19 0.028409 0.162437 0.030502 0.040609
19 0.062500 0.160533 0.035287 0.039340
19 0.095096 0.163071 0.031100 0.034264
19 0.734151 0.157995 0.032895 0.041878
19 0.700060 0.160533 0.031699 0.039340
19 0.667763 0.161168 0.032895 0.040609
19 0.634569 0.162437 0.032297 0.040609
19 0.600478 0.157360 0.032297 0.038071
19 0.565191 0.161168 0.033493 0.040609
19 0.530502 0.161168 0.034689 0.038071
19 0.492524 0.163071 0.034091 0.044416
19 0.460227 0.160533 0.041268 0.052030
19 0.422548 0.157360 0.026914 0.043147
0 0.512261 0.217005 0.235048 0.030457
0 0.512560 0.250635 0.234450 0.036802
0 0.512859 0.288071 0.235048 0.038071
0 0.512261 0.327411 0.236244 0.040609
0 0.510167 0.367386 0.232057 0.039340
0 0.511364 0.403553 0.229665 0.032995
0 0.512859 0.439721 0.232656 0.039340
0 0.514653 0.473985 0.229067 0.029188
8 0.501794 0.348985 0.258373 0.289340
30 0.541268 0.105330 0.029904 0.040609
32 0.912679 0.020305 0.027512 0.035533
22 0.970395 0.023477 0.036483 0.036802
9 0.985646 0.453680 0.023923 0.470812
0 0.125000 0.111675 0.019139 0.025381