0 0.025120 0.064721 0.046651 0.025381
0 0.069976 0.066624 0.041866 0.021574
0 0.112739 0.069797 0.038876 0.022843
0 0.163876 0.074239 0.053828 0.034264
0 0.236244 0.069797 0.078947 0.032995
5 0.077751 0.110406 0.126794 0.030457
19 0.028409 0.161802 0.029306 0.034264
19 0.064593 0.159898 0.031100 0.032995
19 0.095694 0.160533 0.028708 0.039340
19 0.130084 0.161168 0.026914 0.035533
19 0.164474 0.159898 0.032297 0.030457
28 0.156699 0.112944 0.027512 0.038071
0 0.993122 0.157360 0.012560 0.043147
0 0.986543 0.200508 0.025718 0.032995
0 0.985347 0.937817 0.020933 0.032995
9 0.985347 0.568528 0.028110 0.771574
0 0.321172 0.067893 0.082536 0.031726
0 0.389055 0.068528 0.052033 0.025381
0 0.439593 0.067259 0.044258 0.025381
0 0.395634 0.107234 0.242225 0.041878
0 0.397129 0.184645 0.240431 0.036802
0 0.394737 0.317893 0.236842 0.034264
0 0.393242 0.353426 0.239833 0.036802
0 0.395036 0.395305 0.243421 0.046954
19 0.869318 0.109772 0.028110 0.044416
19 0.875897 0.154822 0.028110 0.043147
19 0.902811 0.116117 0.028110 0.046954
19 0.934211 0.112944 0.031100 0.038071
19 0.911483 0.154188 0.032297 0.044416
19 0.944378 0.159898 0.029904 0.035533
19 0.203648 0.156726 0.034091 0.041878
19 0.241627 0.159264 0.027512 0.041878
24 0.189892 0.114213 0.036483 0.040609
23 0.226376 0.111675 0.030502 0.038071
19 0.577153 0.113579 0.033493 0.036802
19 0.616029 0.114213 0.034689 0.030457
19 0.650120 0.112310 0.033493 0.031726
19 0.686902 0.113579 0.035287 0.024112
19 0.725778 0.111041 0.034091 0.031726
19 0.760167 0.110406 0.027512 0.040609
19 0.793959 0.109772 0.029306 0.039340
19 0.836722 0.114213 0.029904 0.045685
19 0.843900 0.158629 0.029904 0.040609
19 0.807416 0.153553 0.033493 0.045685
19 0.775120 0.159264 0.031100 0.046954
19 0.736244 0.156091 0.033493 0.043147
19 0.703050 0.152919 0.031699 0.044416
19 0.668660 0.158629 0.033493 0.038071
19 0.636065 0.156726 0.031699 0.036802
19 0.601077 0.154822 0.034689 0.032995
19 0.567883 0.158629 0.030502 0.040609
30 0.541268 0.110406 0.034689 0.032995
7 0.398923 0.235406 0.240431 0.366751
32 0.912679 0.020305 0.027512 0.035533
22 0.970395 0.023477 0.036483 0.036802
9 0.984749 0.449873 0.023325 0.470812
0 0.130981 0.111675 0.022727 0.020305