20 0.499701 0.501904 0.810407 0.874365
22 0.885467 0.088832 0.031699 0.038071
3 0.237141 0.164975 0.237440 0.027919
0 0.824219 0.182432 0.089063 0.029730
0 0.196484 0.208108 0.107031 0.029730
0 0.128516 0.206757 0.017969 0.032432
0 0.206641 0.237162 0.136719 0.022973
0 0.232422 0.264189 0.127344 0.031081
0 0.216016 0.292568 0.094531 0.025676
0 0.215234 0.320946 0.096094 0.031081
0 0.202734 0.349324 0.071094 0.025676
0 0.172656 0.377027 0.056250 0.021622
0 0.207813 0.406757 0.071875 0.029730
0 0.210156 0.435811 0.067187 0.028378
0 0.235937 0.464189 0.118750 0.028378
0 0.233594 0.493243 0.123437 0.029730
0 0.171484 0.517568 0.057031 0.021622
0 0.173438 0.547297 0.053125 0.032432
0 0.210938 0.575676 0.125000 0.029730
0 0.173828 0.602027 0.055469 0.022973
0 0.195313 0.629054 0.093750 0.036486
0 0.132422 0.375000 0.021094 0.020270
0 0.130859 0.573649 0.019531 0.022973
0 0.129688 0.599324 0.023438 0.028378
0 0.131641 0.627703 0.027344 0.028378
0 0.847266 0.902027 0.088281 0.036486
0 0.823047 0.818919 0.089844 0.032432
0 0.386328 0.304730 0.019531 0.020270
0 0.388281 0.331081 0.015625 0.032432
0 0.389844 0.360811 0.018750 0.027027
0 0.388672 0.389189 0.021094 0.029730
0 0.388281 0.421622 0.020312 0.035135
0 0.528516 0.309459 0.257031 0.037838
0 0.527344 0.341892 0.245313 0.024324
0 0.505859 0.368919 0.202344 0.029730
0 0.506641 0.397973 0.200781 0.028378
0 0.505859 0.428378 0.199219 0.032432
33 0.516797 0.308108 0.274219 0.032432
33 0.517188 0.339189 0.273438 0.029730
33 0.495703 0.368919 0.230469 0.029730
33 0.494922 0.397297 0.232031 0.027027
33 0.494531 0.429054 0.231250 0.036486
3 0.603125 0.182432 0.331250 0.029730
3 0.716406 0.229054 0.301562 0.036486