0 0.025120 0.064721 0.046651 0.025381
0 0.069976 0.066624 0.041866 0.021574
0 0.112739 0.069797 0.038876 0.022843
0 0.163876 0.074239 0.053828 0.034264
0 0.236244 0.069797 0.078947 0.032995
5 0.077751 0.110406 0.126794 0.030457
19 0.028409 0.161802 0.029306 0.034264
19 0.064593 0.159898 0.031100 0.032995
19 0.095694 0.160533 0.028708 0.039340
19 0.130084 0.161168 0.026914 0.035533
19 0.164474 0.159898 0.032297 0.030457
28 0.156699 0.112944 0.027512 0.038071
0 0.993122 0.157360 0.012560 0.043147
0 0.986543 0.200508 0.025718 0.032995
0 0.985347 0.937817 0.020933 0.032995
9 0.985347 0.568528 0.028110 0.771574
0 0.321172 0.067893 0.082536 0.031726
0 0.389055 0.068528 0.052033 0.025381
0 0.439593 0.067259 0.044258 0.025381
0 0.395634 0.107234 0.242225 0.041878
0 0.397129 0.184645 0.240431 0.036802
0 0.394737 0.317893 0.236842 0.034264
0 0.393242 0.353426 0.239833 0.036802
0 0.395036 0.395305 0.243421 0.046954
19 0.869318 0.109772 0.028110 0.044416
19 0.875897 0.154822 0.028110 0.043147
19 0.902811 0.116117 0.028110 0.046954
19 0.934211 0.112944 0.031100 0.038071
19 0.911483 0.154188 0.032297 0.044416
19 0.944378 0.159898 0.029904 0.035533
19 0.203648 0.156726 0.034091 0.041878
19 0.241627 0.159264 0.027512 0.041878
24 0.189892 0.114213 0.036483 0.040609
23 0.226376 0.111675 0.030502 0.038071
7 0.398325 0.234137 0.245215 0.374365
8 0.663577 0.222716 0.341507 0.267766
0 0.667464 0.109137 0.337321 0.043147
0 0.661184 0.335660 0.331938 0.036802
32 0.912679 0.020305 0.027512 0.035533
22 0.970395 0.023477 0.036483 0.036802
9 0.984151 0.451777 0.022129 0.464467
0 0.127691 0.112310 0.022129 0.024112