20 0.499701 0.501904 0.810407 0.874365
22 0.885467 0.088832 0.031699 0.038071
3 0.237141 0.164975 0.237440 0.027919
0 0.846875 0.899324 0.093750 0.025676
34 0.669922 0.216216 0.374219 0.032432
34 0.672656 0.262838 0.376562 0.033784
5 0.744141 0.625676 0.230469 0.032432
3 0.664453 0.350676 0.392969 0.036486
3 0.663281 0.397973 0.390625 0.028378
3 0.660937 0.440541 0.389063 0.027027
3 0.773828 0.583108 0.164844 0.033784
0 0.849609 0.219595 0.021094 0.025676
0 0.848437 0.257432 0.015625 0.017568
0 0.848437 0.622973 0.018750 0.024324
33 0.238281 0.274324 0.240625 0.183784
33 0.239453 0.458108 0.233594 0.186486
33 0.237891 0.600676 0.235156 0.090541
33 0.238281 0.681081 0.234375 0.070270
33 0.238672 0.737162 0.235156 0.041892
0 0.847189 0.530457 0.014952 0.015228
0 0.848086 0.544416 0.013158 0.012690
6 0.848684 0.539975 0.017943 0.039340
3 0.822667 0.534898 0.035287 0.026650