12 0.148624 0.133249 0.077153 0.025381
12 0.274522 0.135152 0.173445 0.029188
12 0.442285 0.133249 0.163278 0.027919
13 0.313397 0.133249 0.419856 0.025381
0 0.819976 0.185279 0.088517 0.035533
3 0.457237 0.185914 0.615431 0.029188
4 0.136364 0.289975 0.020335 0.026650
4 0.134569 0.355964 0.023923 0.021574
4 0.138158 0.421320 0.025120 0.027919
3 0.404605 0.668147 0.164474 0.036802
0 0.151017 0.918782 0.092703 0.032995
0 0.852273 0.920685 0.089713 0.029188
22 0.890849 0.072970 0.017344 0.026650
0 0.858852 0.666244 0.015550 0.030457
5 0.777512 0.668147 0.180622 0.041878
20 0.500598 0.500635 0.814593 0.909898