32 0.912679 0.020305 0.027512 0.035533
22 0.970395 0.023477 0.036483 0.036802
26 0.338816 0.112310 0.032895 0.031726
25 0.372608 0.109772 0.029904 0.036802
24 0.191986 0.112944 0.034689 0.035533
23 0.224581 0.112944 0.026914 0.038071
28 0.156998 0.111675 0.029306 0.035533
30 0.540072 0.111041 0.031100 0.031726
19 0.936603 0.109772 0.032297 0.044416
19 0.902811 0.112944 0.029306 0.043147
19 0.869617 0.111041 0.027512 0.041878
19 0.834031 0.110406 0.032895 0.035533
19 0.794258 0.112944 0.032297 0.040609
19 0.760467 0.116117 0.030502 0.039340
19 0.725778 0.111675 0.029306 0.043147
19 0.688995 0.111675 0.032297 0.032995
19 0.650419 0.111041 0.025718 0.039340
19 0.615730 0.111675 0.028110 0.032995
19 0.578947 0.110406 0.033493 0.032995
19 0.506878 0.111041 0.028110 0.039340
19 0.473983 0.111041 0.032895 0.039340
19 0.296651 0.111675 0.032297 0.043147
19 0.261364 0.111041 0.032297 0.039340
19 0.026017 0.163706 0.028110 0.035533
19 0.063995 0.159264 0.028708 0.036802
19 0.097189 0.162437 0.036483 0.043147
19 0.130383 0.159898 0.026316 0.045685
19 0.161782 0.161802 0.032895 0.044416
19 0.204545 0.157360 0.021531 0.045685
19 0.239533 0.162437 0.031699 0.048223
19 0.287679 0.159264 0.027512 0.041878
19 0.322069 0.163706 0.031699 0.040609
19 0.357057 0.157360 0.031100 0.040609
19 0.392344 0.161802 0.029904 0.039340
19 0.424641 0.160533 0.027512 0.044416
19 0.456340 0.161168 0.026316 0.038071
19 0.487739 0.161802 0.034091 0.041878
19 0.531998 0.158629 0.032895 0.050761
19 0.566388 0.159264 0.031100 0.046954
19 0.600778 0.157360 0.029306 0.040609
19 0.947368 0.164340 0.040670 0.039340
19 0.408493 0.111675 0.028708 0.045685
19 0.439892 0.110406 0.030502 0.040609
0 0.991029 0.161168 0.014354 0.043147
19 0.935706 0.934010 0.025718 0.038071
19 0.902512 0.930838 0.031100 0.041878
19 0.869019 0.932741 0.020335 0.038071
19 0.836722 0.935279 0.037081 0.040609
19 0.793959 0.932107 0.029306 0.041878
19 0.761065 0.931472 0.032895 0.040609
19 0.726077 0.932107 0.033493 0.041878
19 0.686902 0.934010 0.034091 0.040609
19 0.651615 0.934010 0.028110 0.038071
19 0.618720 0.937183 0.030502 0.036802
19 0.585825 0.937183 0.025718 0.041878
19 0.507177 0.935914 0.027512 0.034264
19 0.475478 0.932107 0.029904 0.036802
19 0.028708 0.934010 0.031100 0.035533
19 0.064593 0.935914 0.031100 0.036802
19 0.098684 0.930838 0.029904 0.036802
19 0.130682 0.935914 0.028110 0.036802
19 0.164773 0.938452 0.028110 0.039340
19 0.197967 0.939086 0.028708 0.040609
19 0.233852 0.937183 0.029904 0.034264
19 0.264653 0.934010 0.025718 0.040609
19 0.307416 0.934010 0.028708 0.038071
19 0.341208 0.932741 0.028110 0.043147
19 0.373804 0.934010 0.031100 0.045685
19 0.408792 0.932107 0.029306 0.041878
19 0.444677 0.927030 0.029306 0.049492
19 0.030801 0.208122 0.029306 0.038071
19 0.067285 0.208122 0.026914 0.032995
19 0.102273 0.210660 0.031100 0.030457
19 0.139354 0.210660 0.026316 0.032995
19 0.172847 0.212563 0.027512 0.039340
19 0.210825 0.212563 0.029306 0.034264
19 0.247608 0.211929 0.028708 0.035533
19 0.281699 0.213198 0.033493 0.030457
19 0.321471 0.212563 0.026914 0.036802
19 0.355861 0.212563 0.033493 0.039340
5 0.077751 0.112944 0.125598 0.027919
0 0.130383 0.112944 0.019139 0.022843
0 0.025718 0.067893 0.038278 0.029188
0 0.066687 0.065355 0.037679 0.029188
0 0.113636 0.067259 0.035885 0.027919
0 0.167464 0.067259 0.038278 0.025381
0 0.235347 0.071701 0.067584 0.024112
0 0.319976 0.072970 0.078947 0.031726
0 0.392045 0.069162 0.043660 0.026650
0 0.444677 0.072970 0.037679 0.026650
21 0.621711 0.295685 0.749402 0.121827
22 0.228469 0.254442 0.020335 0.021574
5 0.122010 0.303934 0.217703 0.031726
1 0.031100 0.347081 0.040670 0.031726
0 0.218600 0.305838 0.017344 0.027919
19 0.030801 0.883883 0.029306 0.039340
19 0.070275 0.885787 0.031699 0.043147
19 0.102871 0.884518 0.026316 0.040609
19 0.137859 0.885787 0.029306 0.045685
19 0.172548 0.888959 0.030502 0.044416
19 0.204246 0.887056 0.020933 0.048223
19 0.239533 0.883249 0.024522 0.043147
19 0.272428 0.883249 0.018541 0.035533
19 0.305323 0.882614 0.026914 0.034264
19 0.348684 0.885152 0.023923 0.039340
19 0.381280 0.885152 0.019737 0.046954
19 0.415072 0.883249 0.020335 0.040609
19 0.448565 0.879442 0.029904 0.038071
19 0.488636 0.882614 0.032297 0.041878
19 0.525718 0.881980 0.023923 0.045685
19 0.560706 0.880076 0.028110 0.049492
19 0.591208 0.877538 0.028110 0.046954
19 0.625598 0.878807 0.027512 0.049492
19 0.660287 0.878173 0.028708 0.043147
19 0.701256 0.875635 0.030502 0.048223
19 0.633373 0.159264 0.031100 0.046954
19 0.666567 0.159264 0.030502 0.046954
19 0.699761 0.161802 0.033493 0.041878
19 0.733852 0.159264 0.031100 0.039340
33 0.840012 0.159898 0.120215 0.131980
15 0.078947 0.744289 0.151914 0.079949
20 0.124402 0.546954 0.247608 0.609137
4 0.175239 0.769036 0.014354 0.020305