0 0.022428 0.065990 0.037679 0.030457
0 0.065191 0.069797 0.044258 0.035533
0 0.114833 0.069162 0.055024 0.031726
0 0.165969 0.068528 0.047249 0.025381
0 0.233852 0.069797 0.084928 0.025381
0 0.317285 0.072335 0.078349 0.027919
0 0.389653 0.071701 0.061603 0.026650
0 0.446770 0.069797 0.043062 0.025381
0 0.287380 0.104061 0.388158 0.030457
0 0.286483 0.138959 0.389952 0.039340
0 0.289474 0.287437 0.394737 0.044416
0 0.288577 0.322970 0.396531 0.026650
0 0.285287 0.357234 0.389952 0.041878
0 0.285586 0.398477 0.389354 0.040609
0 0.284689 0.440355 0.387560 0.043147
0 0.283792 0.482868 0.389354 0.041878
0 0.281100 0.526650 0.379187 0.045685
0 0.279605 0.567893 0.382177 0.036802
0 0.596591 0.972716 0.239833 0.031726
0 0.596591 0.937817 0.239833 0.035533
0 0.595694 0.885787 0.238038 0.050761
0 0.599880 0.838832 0.244019 0.040609
0 0.597488 0.794416 0.240431 0.035533
0 0.596890 0.751269 0.244019 0.045685
0 0.596292 0.717640 0.239234 0.036802
0 0.596890 0.688452 0.240431 0.039340
0 0.597488 0.648477 0.245215 0.025381
0 0.598983 0.619289 0.236244 0.043147
0 0.595694 0.578046 0.241627 0.044416
0 0.595993 0.536168 0.242225 0.026650
0 0.597787 0.506345 0.241029 0.030457
0 0.593900 0.476523 0.239234 0.036802
0 0.597488 0.438452 0.241627 0.034264
0 0.597488 0.400381 0.241627 0.034264
0 0.850478 0.226523 0.279904 0.036802
0 0.850478 0.271574 0.278708 0.040609
0 0.851077 0.309645 0.278708 0.025381
0 0.851376 0.343909 0.279306 0.043147
0 0.849581 0.381345 0.282895 0.031726
0 0.850778 0.416878 0.281699 0.031726
0 0.851077 0.444797 0.283493 0.031726
0 0.848983 0.479061 0.280502 0.034264
0 0.853469 0.512690 0.276316 0.045685
0 0.851376 0.555203 0.276914 0.041878
0 0.851675 0.598350 0.273923 0.039340
0 0.852871 0.638325 0.273923 0.038071
0 0.853170 0.678299 0.269737 0.041878
0 0.851675 0.961294 0.275120 0.034264
0 0.849581 0.923223 0.279306 0.049492
0 0.849282 0.884518 0.281100 0.043147
0 0.850478 0.843274 0.279904 0.044416
0 0.853469 0.716371 0.278708 0.031726
0 0.853768 0.748096 0.278110 0.031726
0 0.854067 0.779188 0.278708 0.030457
0 0.850478 0.811548 0.285885 0.034264
7 0.285287 0.322970 0.395933 0.534264
8 0.584629 0.687183 0.263756 0.615482
8 0.841507 0.599619 0.295455 0.777919
19 0.937799 0.109137 0.032297 0.045685
19 0.944378 0.156091 0.022727 0.038071
0 0.992225 0.157360 0.013158 0.032995
19 0.909988 0.162437 0.028110 0.043147
19 0.876794 0.156726 0.027512 0.041878
19 0.842404 0.161802 0.026914 0.041878
19 0.809809 0.156726 0.029904 0.049492
19 0.776017 0.161802 0.030502 0.044416
19 0.506579 0.109137 0.031100 0.030457
19 0.533493 0.159264 0.033493 0.031726
19 0.566388 0.161802 0.025120 0.031726
19 0.576854 0.114213 0.029306 0.025381
19 0.614533 0.115482 0.026914 0.038071
19 0.649522 0.118020 0.028708 0.035533
19 0.683612 0.116117 0.037081 0.031726
19 0.723983 0.107868 0.032895 0.043147
19 0.761065 0.110406 0.029306 0.035533
19 0.793660 0.113579 0.033493 0.029188
19 0.832237 0.110406 0.031699 0.032995
19 0.868720 0.111041 0.026914 0.031726
19 0.902512 0.111675 0.037081 0.038071
19 0.735945 0.154822 0.030502 0.035533
19 0.702153 0.156091 0.033493 0.038071
19 0.667763 0.161802 0.028110 0.041878
19 0.633971 0.154188 0.031100 0.041878
19 0.598983 0.156091 0.029306 0.032995
19 0.028110 0.156726 0.027512 0.034264
19 0.063098 0.159264 0.025718 0.041878
30 0.543660 0.107868 0.029904 0.043147
32 0.912679 0.020305 0.027512 0.035533
22 0.970395 0.023477 0.036483 0.036802