0 0.669557 0.163706 0.020933 0.030457
0 0.671053 0.194162 0.017943 0.030457
0 0.671651 0.383883 0.019139 0.026650
0 0.525718 0.196701 0.267943 0.022843
0 0.524522 0.217640 0.270335 0.019036
0 0.524222 0.239848 0.269737 0.025381
0 0.525419 0.262690 0.267344 0.020305
0 0.524821 0.286168 0.266148 0.026650
0 0.524522 0.307741 0.266746 0.016497
0 0.525419 0.324873 0.268541 0.017766
0 0.525120 0.343909 0.269139 0.020305
0 0.521830 0.368655 0.262560 0.029188
0 0.522428 0.392132 0.262560 0.022843
9 0.671352 0.294416 0.019737 0.218274
9 0.671352 0.244289 0.016148 0.019036
5 0.535586 0.278553 0.286483 0.255076
22 0.677632 0.105964 0.021531 0.034264
0 0.534988 0.780457 0.092703 0.035533
20 0.500299 0.455584 0.398923 0.748731