20 0.499701 0.501904 0.810407 0.874365
22 0.885467 0.088832 0.031699 0.038071
3 0.237141 0.164975 0.237440 0.027919
0 0.677734 0.179054 0.021094 0.022973
0 0.133203 0.204730 0.021094 0.031081
0 0.133203 0.372973 0.022656 0.029730
0 0.132813 0.572297 0.020313 0.033784
0 0.130859 0.660811 0.027344 0.029730
0 0.130859 0.740541 0.021094 0.035135
33 0.236328 0.277027 0.227344 0.170270
33 0.236719 0.457432 0.226563 0.190541
33 0.236328 0.600676 0.225781 0.095946
33 0.235937 0.689865 0.229687 0.082432
33 0.235547 0.747297 0.228906 0.032432
3 0.601563 0.223649 0.176562 0.039189
3 0.603125 0.264189 0.176562 0.031081
5 0.601172 0.185811 0.167969 0.028378
0 0.845313 0.897973 0.090625 0.031081