32 0.912679 0.020305 0.027512 0.035533
22 0.970395 0.023477 0.036483 0.036802
0 0.025419 0.069797 0.036483 0.032995
0 0.064892 0.075508 0.037679 0.029188
0 0.111842 0.071066 0.049043 0.025381
0 0.162679 0.071701 0.049043 0.029188
0 0.232356 0.071066 0.071172 0.022843
0 0.315789 0.069797 0.082536 0.025381
0 0.385467 0.067259 0.055622 0.027919
0 0.440490 0.066624 0.044856 0.026650
5 0.076854 0.112944 0.123804 0.032995
28 0.157596 0.110406 0.029306 0.043147
24 0.191986 0.111675 0.032297 0.035533
23 0.223983 0.114213 0.029306 0.038071
19 0.260167 0.107868 0.041866 0.032995
19 0.299342 0.112310 0.032895 0.041878
26 0.337022 0.107868 0.030502 0.035533
25 0.375299 0.105964 0.029306 0.044416
19 0.408493 0.109772 0.033493 0.036802
19 0.442285 0.107868 0.032895 0.043147
19 0.472787 0.111041 0.028110 0.041878
19 0.759868 0.111041 0.029306 0.036802
19 0.792464 0.114213 0.035885 0.045685
19 0.831340 0.112310 0.029904 0.036802
19 0.867524 0.114848 0.034091 0.041878
19 0.902213 0.113579 0.025718 0.041878
19 0.938995 0.108503 0.033493 0.039340
19 0.029306 0.160533 0.031100 0.036802
19 0.065789 0.163071 0.027512 0.046954
19 0.096292 0.161168 0.026316 0.032995
19 0.129187 0.159898 0.033493 0.032995
19 0.164773 0.163071 0.029306 0.034264
19 0.203050 0.163706 0.036483 0.032995
19 0.243421 0.162437 0.033493 0.045685
19 0.286483 0.160533 0.032297 0.036802
19 0.321770 0.161802 0.034689 0.031726
19 0.357955 0.159898 0.030502 0.040609
19 0.387261 0.163706 0.026914 0.040609
19 0.422249 0.161168 0.037081 0.038071
19 0.777213 0.160533 0.038876 0.041878
19 0.810706 0.157995 0.029306 0.046954
19 0.843600 0.157360 0.029306 0.038071
19 0.875598 0.162437 0.028708 0.035533
19 0.908194 0.154188 0.032895 0.046954
19 0.943481 0.159264 0.034091 0.036802
19 0.031998 0.889594 0.030502 0.040609
19 0.063397 0.887690 0.032297 0.041878
19 0.097189 0.883883 0.030502 0.036802
19 0.131280 0.889594 0.031699 0.043147
19 0.164175 0.885152 0.028110 0.046954
19 0.195275 0.888325 0.028110 0.043147
19 0.227273 0.890228 0.023923 0.036802
19 0.263756 0.886421 0.034689 0.036802
19 0.296950 0.887690 0.028110 0.031726
19 0.336722 0.887056 0.041866 0.043147
19 0.371711 0.890228 0.028110 0.039340
19 0.398923 0.884518 0.026316 0.038071
19 0.431519 0.885152 0.030502 0.046954
19 0.465012 0.881345 0.029306 0.052030
19 0.499103 0.883249 0.028110 0.045685
19 0.534390 0.885152 0.026914 0.041878
19 0.569079 0.882614 0.031699 0.036802
19 0.599880 0.885152 0.023923 0.034264
19 0.633074 0.886421 0.034091 0.031726
9 0.984450 0.522208 0.019139 0.676396
0 0.982057 0.198604 0.017943 0.034264
0 0.992823 0.163071 0.010766 0.011421
0 0.986842 0.841371 0.015550 0.020305
19 0.458732 0.157995 0.028708 0.041878
19 0.726376 0.109772 0.024522 0.031726
19 0.735646 0.159898 0.029904 0.043147
19 0.031100 0.932107 0.033493 0.039340
19 0.068481 0.935914 0.030502 0.039340
19 0.102273 0.933376 0.033493 0.034264
19 0.140251 0.939086 0.026914 0.040609
19 0.173744 0.934645 0.034091 0.044416
19 0.203947 0.934645 0.021531 0.057107
19 0.237440 0.935279 0.025120 0.040609
19 0.269737 0.935914 0.021531 0.024112
19 0.303529 0.938452 0.030502 0.044416
19 0.346890 0.934010 0.022727 0.048223
19 0.385766 0.934010 0.031100 0.053299
19 0.416268 0.933376 0.023923 0.039340
19 0.451854 0.935914 0.032895 0.046954
19 0.489234 0.935914 0.029904 0.041878
19 0.524522 0.934645 0.025120 0.036802
19 0.701854 0.935914 0.034091 0.039340
19 0.505981 0.835660 0.021531 0.031726
19 0.508074 0.788706 0.022129 0.029188
19 0.505383 0.749365 0.023923 0.026650
19 0.504486 0.706218 0.023325 0.026650
19 0.505682 0.661168 0.022129 0.038071
19 0.507775 0.621827 0.023923 0.032995
19 0.505981 0.578046 0.014354 0.029188
19 0.504785 0.534898 0.025120 0.034264
19 0.503289 0.487310 0.019737 0.050761
19 0.503289 0.448604 0.016148 0.029188
19 0.503589 0.404822 0.026316 0.045685
19 0.506878 0.362310 0.024522 0.036802
19 0.502093 0.315990 0.025718 0.045685
19 0.507476 0.277284 0.020933 0.039340
19 0.504187 0.234137 0.023923 0.036802
19 0.505383 0.191624 0.023923 0.043147
19 0.505084 0.142766 0.026914 0.036802
19 0.502990 0.098985 0.025120 0.040609
19 0.504486 0.060914 0.025718 0.038071
19 0.503888 0.017132 0.019737 0.031726
19 0.536782 0.018401 0.026914 0.034264
19 0.537978 0.061548 0.025718 0.041878
19 0.537978 0.100254 0.025718 0.035533
19 0.539175 0.141497 0.028110 0.044416
19 0.540371 0.180838 0.025718 0.034264
19 0.540072 0.226523 0.025120 0.041878
19 0.540670 0.271574 0.023923 0.043147
19 0.540072 0.315355 0.022727 0.044416
19 0.540371 0.357868 0.022129 0.040609
19 0.541567 0.401650 0.024522 0.039340
19 0.540371 0.444797 0.026914 0.046954
19 0.537679 0.489213 0.021531 0.041878
19 0.536483 0.532995 0.025120 0.045685
19 0.538577 0.575508 0.029306 0.039340
19 0.538876 0.618655 0.028708 0.046954
19 0.537380 0.657995 0.025718 0.041878
19 0.537679 0.701142 0.025120 0.044416
19 0.538577 0.744289 0.026914 0.039340
19 0.537978 0.786802 0.028110 0.045685
19 0.570574 0.014594 0.019139 0.024112
19 0.601675 0.016497 0.031100 0.030457
19 0.639055 0.015228 0.028110 0.027919
19 0.671352 0.018401 0.020933 0.036802
19 0.673445 0.054569 0.021531 0.035533
19 0.675239 0.093909 0.025120 0.043147
19 0.674641 0.142132 0.026316 0.053299
19 0.674641 0.186548 0.026316 0.035533
19 0.674342 0.226523 0.026914 0.044416
19 0.673744 0.270939 0.025718 0.044416
19 0.672249 0.317893 0.028708 0.049492
19 0.672249 0.362310 0.028708 0.039340
19 0.672548 0.401015 0.028110 0.038071
19 0.671352 0.440355 0.025718 0.040609
19 0.672548 0.484772 0.023325 0.048223
19 0.673146 0.531726 0.024522 0.045685
19 0.672548 0.575508 0.025718 0.041878
19 0.673146 0.618020 0.026914 0.043147
19 0.671950 0.661802 0.029306 0.044416
19 0.674940 0.704315 0.035287 0.040609
19 0.675239 0.744924 0.034689 0.040609
19 0.672847 0.788071 0.029904 0.045685
19 0.570275 0.057741 0.030502 0.039340
19 0.603768 0.060914 0.024522 0.027919
19 0.638756 0.055203 0.029904 0.029188
19 0.573266 0.095812 0.029306 0.026650
19 0.574462 0.142766 0.025718 0.046954
19 0.571770 0.187183 0.026316 0.031726
19 0.574163 0.233503 0.022727 0.048223
19 0.570574 0.274112 0.015550 0.032995
19 0.574462 0.316624 0.025718 0.031726
19 0.574163 0.356599 0.025120 0.038071
19 0.573864 0.401650 0.026914 0.039340
19 0.570574 0.444162 0.020335 0.045685
19 0.572667 0.491117 0.018541 0.043147
19 0.571172 0.539975 0.020335 0.034264
19 0.570275 0.576777 0.022129 0.034264
19 0.571172 0.617386 0.020335 0.046954
19 0.570275 0.659898 0.018541 0.038071
19 0.571471 0.701142 0.016148 0.044416
19 0.574761 0.746827 0.022727 0.046954
19 0.573565 0.789975 0.025120 0.039340
19 0.606459 0.789975 0.031100 0.034264
19 0.604964 0.748731 0.028110 0.025381
19 0.640251 0.750000 0.025718 0.022843
19 0.640550 0.788071 0.027512 0.030457
19 0.638457 0.703046 0.026914 0.032995
19 0.603768 0.706853 0.023325 0.032995
19 0.604366 0.661168 0.026914 0.032995
19 0.604067 0.621193 0.029904 0.039340
19 0.606160 0.570431 0.022129 0.034264
19 0.604665 0.535533 0.026316 0.030457
19 0.602572 0.490482 0.030502 0.041878
19 0.605263 0.444162 0.028708 0.038071
19 0.605263 0.407995 0.031100 0.039340
19 0.609151 0.364213 0.030502 0.043147
19 0.605861 0.319797 0.020335 0.030457
19 0.605562 0.274112 0.025718 0.040609
19 0.604067 0.227157 0.028708 0.040609
19 0.604067 0.192893 0.023923 0.025381
19 0.604067 0.149112 0.023923 0.039340
19 0.604964 0.102792 0.017344 0.032995
19 0.638756 0.100888 0.022727 0.029188
19 0.637261 0.141497 0.025718 0.052030
19 0.636962 0.186548 0.025120 0.038071
19 0.637560 0.228426 0.025120 0.035533
19 0.639354 0.267766 0.021531 0.043147
19 0.637261 0.313452 0.020933 0.035533
19 0.639952 0.361041 0.022727 0.044416
19 0.639952 0.401650 0.022727 0.036802
19 0.638158 0.448604 0.028708 0.031726
19 0.637560 0.487944 0.027512 0.046954
19 0.633373 0.532995 0.035885 0.043147
19 0.639653 0.575508 0.025718 0.034264
19 0.638158 0.612310 0.028708 0.039340
19 0.636962 0.656726 0.026316 0.049492
9 0.984450 0.442259 0.019139 0.404822
0 0.128589 0.112944 0.013158 0.027919
35 0.589115 0.456853 0.204545 0.911168