20 0.499701 0.501904 0.810407 0.874365
22 0.885467 0.088832 0.031699 0.038071
3 0.237141 0.164975 0.237440 0.027919
0 0.132813 0.208108 0.023438 0.024324
0 0.133984 0.377703 0.025781 0.020270
0 0.131250 0.568243 0.023438 0.028378
0 0.130078 0.658108 0.021094 0.024324
0 0.130078 0.679730 0.025781 0.029730
33 0.235156 0.277027 0.232812 0.164865
33 0.237109 0.454054 0.228906 0.189189
33 0.235938 0.594595 0.226563 0.091892
33 0.235156 0.659459 0.228125 0.037838
33 0.234766 0.695270 0.227344 0.033784
0 0.699219 0.182432 0.015625 0.024324
0 0.845703 0.904730 0.091406 0.033784
0 0.642187 0.223649 0.021875 0.028378
0 0.601172 0.250000 0.111719 0.021622
0 0.601563 0.273649 0.110937 0.025676
0 0.599609 0.297973 0.108594 0.020270
0 0.695313 0.395946 0.023438 0.029730
5 0.624609 0.395946 0.164844 0.032432
5 0.625781 0.181757 0.164063 0.036486
5 0.600000 0.264865 0.107813 0.116216
3 0.555859 0.351351 0.021094 0.035135
2 0.514354 0.626269 0.019139 0.039340
2 0.592404 0.628807 0.020933 0.039340