13 0.316388 0.131980 0.425837 0.043147
12 0.143242 0.131345 0.078349 0.029188
12 0.271830 0.135152 0.178828 0.031726
12 0.444079 0.135152 0.166866 0.031726
0 0.150718 0.920685 0.090909 0.031726
0 0.849880 0.918147 0.087321 0.036802
22 0.888457 0.076777 0.024522 0.036802
3 0.542165 0.182107 0.656100 0.031726
3 0.345694 0.302030 0.168660 0.027919
4 0.123505 0.223350 0.019737 0.017766
4 0.125000 0.253807 0.014354 0.030457
20 0.498804 0.505076 0.818182 0.913706
0 0.311902 0.447335 0.123804 0.031726
5 0.314294 0.399112 0.122608 0.031726