20 0.499701 0.501904 0.810407 0.874365
22 0.885467 0.088832 0.031699 0.038071
3 0.237141 0.164975 0.237440 0.027919
0 0.132813 0.208108 0.023438 0.024324
0 0.133984 0.377703 0.025781 0.020270
0 0.131250 0.568243 0.023438 0.028378
0 0.130078 0.658108 0.021094 0.024324
0 0.130078 0.679730 0.025781 0.029730
33 0.235156 0.277027 0.232812 0.164865
33 0.237109 0.454054 0.228906 0.189189
33 0.235938 0.594595 0.226563 0.091892
33 0.235156 0.659459 0.228125 0.037838
33 0.234766 0.695270 0.227344 0.033784
0 0.699219 0.182432 0.015625 0.024324
0 0.845703 0.904730 0.091406 0.033784
5 0.626172 0.183108 0.163281 0.031081
5 0.599609 0.226351 0.108594 0.031081
5 0.626172 0.418919 0.166406 0.075676
3 0.624609 0.266216 0.163281 0.032432
3 0.628125 0.311486 0.168750 0.025676
3 0.554297 0.356081 0.021094 0.028378
0 0.640625 0.222297 0.015625 0.025676
0 0.695313 0.392568 0.017187 0.033784
0 0.625781 0.419595 0.162500 0.020270
0 0.626953 0.443243 0.164844 0.021622
2 0.515251 0.626904 0.018541 0.038071
2 0.590610 0.625635 0.023325 0.030457