20 0.499701 0.501904 0.810407 0.874365
22 0.885467 0.088832 0.031699 0.038071
3 0.237141 0.164975 0.237440 0.027919
0 0.191687 0.210025 0.085526 0.026650
0 0.243720 0.235406 0.141746 0.019036
0 0.243421 0.265228 0.137560 0.030457
0 0.242225 0.295051 0.135167 0.024112
0 0.241926 0.321066 0.135766 0.027919
0 0.241029 0.348350 0.133971 0.026650
0 0.174641 0.378807 0.064593 0.026650
0 0.174342 0.403553 0.062799 0.030457
0 0.173744 0.431472 0.065191 0.025381
0 0.208732 0.459391 0.131579 0.027919
0 0.194976 0.491751 0.100478 0.026650
0 0.193780 0.519670 0.094498 0.026650
0 0.131878 0.210660 0.028110 0.017766
0 0.131579 0.378173 0.014354 0.027919
0 0.131579 0.458756 0.017943 0.021574
0 0.134868 0.487310 0.020933 0.030457
0 0.132775 0.515863 0.013158 0.026650
33 0.223385 0.277284 0.199163 0.171320
33 0.174043 0.405457 0.104067 0.077411
33 0.197368 0.463832 0.149522 0.024112
33 0.182416 0.487310 0.125598 0.022843
33 0.179127 0.515228 0.119019 0.032995
0 0.741627 0.181472 0.023923 0.027919
0 0.741926 0.778553 0.018541 0.029188
0 0.473086 0.182107 0.188995 0.034264
0 0.472787 0.217640 0.189593 0.036802
0 0.473684 0.254442 0.191388 0.036802
0 0.473983 0.288706 0.190789 0.031726
0 0.472189 0.320431 0.187201 0.031726
0 0.473086 0.351523 0.185407 0.030457
0 0.472488 0.385787 0.184211 0.038071
0 0.510766 0.418147 0.257177 0.029188
0 0.445275 0.449873 0.127392 0.026650
0 0.435706 0.483503 0.117823 0.035533
0 0.475478 0.518401 0.197368 0.029188
0 0.476077 0.548223 0.196172 0.030457
0 0.475778 0.583122 0.195574 0.036802
0 0.476077 0.616751 0.194976 0.030457
0 0.477871 0.656726 0.193780 0.044416
9 0.742823 0.463198 0.023923 0.586294
9 0.740431 0.264594 0.021531 0.125635
0 0.846484 0.899324 0.097656 0.039189
4 0.382177 0.823604 0.022727 0.025381
4 0.394737 0.897208 0.017943 0.030457