22 0.885467 0.088832 0.031699 0.038071
3 0.237141 0.164975 0.237440 0.027919
0 0.191687 0.210025 0.085526 0.026650
0 0.243720 0.235406 0.141746 0.019036
0 0.243421 0.265228 0.137560 0.030457
0 0.242225 0.295051 0.135167 0.024112
0 0.241926 0.321066 0.135766 0.027919
0 0.241029 0.348350 0.133971 0.026650
0 0.174641 0.378807 0.064593 0.026650
0 0.174342 0.403553 0.062799 0.030457
0 0.173744 0.431472 0.065191 0.025381
0 0.208732 0.459391 0.131579 0.027919
0 0.194976 0.491751 0.100478 0.026650
0 0.193780 0.519670 0.094498 0.026650
0 0.131878 0.210660 0.028110 0.017766
0 0.131579 0.378173 0.014354 0.027919
0 0.131579 0.458756 0.017943 0.021574
0 0.134868 0.487310 0.020933 0.030457
0 0.132775 0.515863 0.013158 0.026650
33 0.223385 0.277284 0.199163 0.171320
33 0.174043 0.405457 0.104067 0.077411
33 0.197368 0.463832 0.149522 0.024112
33 0.182416 0.487310 0.125598 0.022843
33 0.179127 0.515228 0.119019 0.032995
3 0.530801 0.431472 0.156100 0.030457
3 0.531400 0.480330 0.162081 0.031726
3 0.531400 0.523477 0.156100 0.026650
3 0.529904 0.562183 0.156699 0.032995
3 0.752990 0.437817 0.157895 0.032995
3 0.755383 0.482234 0.154306 0.032995
3 0.751495 0.524112 0.162081 0.025381
3 0.753888 0.564086 0.158493 0.029188
3 0.773624 0.179569 0.150120 0.026650
3 0.771830 0.229061 0.153708 0.034264
3 0.770036 0.270305 0.148923 0.025381
5 0.571471 0.287437 0.231459 0.242386
0 0.679127 0.177665 0.014952 0.022843
0 0.565191 0.204315 0.215311 0.022843
0 0.562201 0.228426 0.211722 0.025381
0 0.561902 0.255076 0.213517 0.020305
0 0.562500 0.279188 0.208732 0.022843
0 0.563696 0.312817 0.203947 0.031726
0 0.561005 0.342640 0.210526 0.017766
0 0.563098 0.359772 0.206340 0.016497
0 0.561005 0.381345 0.202153 0.026650
0 0.843359 0.902027 0.086719 0.039189
20 0.501196 0.506345 0.813397 0.880711
4 0.394737 0.899746 0.021531 0.032995