0 0.025120 0.064721 0.046651 0.025381
0 0.069976 0.066624 0.041866 0.021574
0 0.112739 0.069797 0.038876 0.022843
0 0.163876 0.074239 0.053828 0.034264
0 0.236244 0.069797 0.078947 0.032995
0 0.320873 0.069162 0.081938 0.031726
0 0.384868 0.069162 0.044856 0.021574
0 0.437201 0.071066 0.053828 0.027919
0 0.384569 0.113579 0.374402 0.036802
0 0.385467 0.151015 0.376196 0.038071
0 0.384569 0.220812 0.374402 0.040609
0 0.385167 0.303934 0.370813 0.044416
0 0.379486 0.355330 0.357057 0.050761
5 0.077751 0.110406 0.126794 0.030457
19 0.028409 0.161802 0.029306 0.034264
19 0.064593 0.159898 0.031100 0.032995
19 0.095694 0.160533 0.028708 0.039340
19 0.130084 0.161168 0.026914 0.035533
19 0.164474 0.159898 0.032297 0.030457
28 0.156699 0.112944 0.027512 0.038071
0 0.993122 0.157360 0.012560 0.043147
0 0.986543 0.200508 0.025718 0.032995
0 0.985347 0.937817 0.020933 0.032995
9 0.985347 0.568528 0.028110 0.771574
0 0.729964 0.109137 0.306818 0.048223
0 0.728170 0.150381 0.311603 0.034264
0 0.725179 0.187183 0.305622 0.039340
0 0.727273 0.224619 0.301435 0.035533
0 0.730263 0.260152 0.307416 0.035533
8 0.721890 0.243655 0.334928 0.309645
19 0.942285 0.161802 0.022129 0.049492
19 0.908194 0.164340 0.032895 0.052030
19 0.937799 0.111041 0.044258 0.041878
19 0.904306 0.113579 0.032297 0.039340
7 0.384569 0.215102 0.374402 0.331218
32 0.912679 0.020305 0.027512 0.035533
22 0.970395 0.023477 0.036483 0.036802
9 0.986842 0.454949 0.019139 0.473350
0 0.127691 0.116117 0.016148 0.021574