20 0.499701 0.501904 0.810407 0.874365
22 0.885467 0.088832 0.031699 0.038071
3 0.237141 0.164975 0.237440 0.027919
33 0.222656 0.280405 0.204688 0.177027
33 0.222266 0.466216 0.205469 0.194595
33 0.220703 0.579730 0.202344 0.032432
33 0.220703 0.607432 0.202344 0.022973
33 0.221484 0.633784 0.203906 0.029730
0 0.846875 0.902703 0.089062 0.037838
0 0.133984 0.207432 0.022656 0.025676
0 0.132813 0.378378 0.025000 0.024324
0 0.132422 0.579054 0.019531 0.025676
0 0.132422 0.604730 0.019531 0.020270
0 0.129297 0.633108 0.017969 0.020270
0 0.823438 0.183784 0.090625 0.035135
0 0.821875 0.235135 0.089063 0.035135
0 0.823438 0.281757 0.090625 0.036486
0 0.823438 0.328378 0.082813 0.035135
0 0.821484 0.376351 0.080469 0.036486
0 0.823047 0.425676 0.088281 0.029730
0 0.822656 0.474324 0.089063 0.032432
0 0.824219 0.518243 0.089063 0.033784
3 0.645312 0.182432 0.246875 0.029730
3 0.646875 0.230405 0.245313 0.028378
3 0.647656 0.281757 0.248438 0.028378
3 0.647266 0.329730 0.249219 0.024324
3 0.644141 0.374324 0.247656 0.024324
3 0.646094 0.424324 0.242188 0.029730
3 0.646094 0.474324 0.243750 0.035135
3 0.648047 0.522297 0.249219 0.033784
3 0.698828 0.562838 0.347656 0.031081
3 0.697656 0.605405 0.343750 0.029730