0 0.025120 0.064721 0.046651 0.025381
0 0.069976 0.066624 0.041866 0.021574
0 0.112739 0.069797 0.038876 0.022843
0 0.163876 0.074239 0.053828 0.034264
0 0.236244 0.069797 0.078947 0.032995
0 0.320873 0.069162 0.081938 0.031726
0 0.384868 0.069162 0.044856 0.021574
0 0.437201 0.071066 0.053828 0.027919
0 0.384569 0.113579 0.374402 0.036802
0 0.385467 0.151015 0.376196 0.038071
0 0.384569 0.220812 0.374402 0.040609
0 0.385167 0.303934 0.370813 0.044416
0 0.379486 0.355330 0.357057 0.050761
5 0.077751 0.110406 0.126794 0.030457
19 0.028409 0.161802 0.029306 0.034264
19 0.064593 0.159898 0.031100 0.032995
19 0.095694 0.160533 0.028708 0.039340
19 0.130084 0.161168 0.026914 0.035533
19 0.164474 0.159898 0.032297 0.030457
28 0.156699 0.112944 0.027512 0.038071
0 0.993122 0.157360 0.012560 0.043147
0 0.986543 0.200508 0.025718 0.032995
0 0.985347 0.937817 0.020933 0.032995
9 0.985347 0.568528 0.028110 0.771574
0 0.649522 0.303934 0.143541 0.049492
19 0.601376 0.161168 0.032895 0.038071
19 0.632476 0.165609 0.029306 0.041878
19 0.664773 0.166878 0.030502 0.041878
19 0.699163 0.165609 0.027512 0.036802
19 0.731459 0.156726 0.032297 0.039340
19 0.773325 0.161802 0.037081 0.041878
19 0.808911 0.162437 0.026914 0.035533
19 0.841806 0.161168 0.023325 0.040609
19 0.878589 0.161802 0.023923 0.041878
19 0.909689 0.164340 0.029904 0.041878
19 0.942883 0.159264 0.024522 0.046954
19 0.937799 0.107234 0.032297 0.044416
19 0.905502 0.107868 0.029904 0.040609
19 0.869916 0.109137 0.031699 0.040609
19 0.834330 0.114848 0.029904 0.044416
19 0.796053 0.107868 0.031100 0.035533
19 0.761962 0.115482 0.032297 0.038071
19 0.728469 0.114213 0.028708 0.038071
19 0.684809 0.109137 0.033493 0.035533
19 0.650718 0.112310 0.026316 0.041878
19 0.617524 0.113579 0.035287 0.041878
8 0.639952 0.304569 0.180622 0.050761
7 0.389354 0.208122 0.385167 0.314721
32 0.912679 0.020305 0.027512 0.035533
22 0.970395 0.023477 0.036483 0.036802
9 0.985347 0.457487 0.019737 0.473350
0 0.128888 0.114848 0.022129 0.029188