20 0.499701 0.501904 0.810407 0.874365
22 0.885467 0.088832 0.031699 0.038071
3 0.237141 0.164975 0.237440 0.027919
33 0.222656 0.280405 0.204688 0.177027
33 0.222266 0.466216 0.205469 0.194595
33 0.220703 0.579730 0.202344 0.032432
33 0.220703 0.607432 0.202344 0.022973
33 0.221484 0.633784 0.203906 0.029730
0 0.846875 0.902703 0.089062 0.037838
0 0.133984 0.207432 0.022656 0.025676
0 0.132813 0.378378 0.025000 0.024324
0 0.132422 0.579054 0.019531 0.025676
0 0.132422 0.604730 0.019531 0.020270
0 0.129297 0.633108 0.017969 0.020270
4 0.396830 0.213832 0.017344 0.024112
4 0.396531 0.251904 0.021531 0.024112
4 0.399522 0.381980 0.023923 0.022843
4 0.395335 0.418147 0.020335 0.024112
4 0.394139 0.458122 0.017943 0.020305
0 0.443780 0.543147 0.017943 0.012690
0 0.445574 0.556472 0.014354 0.013959
0 0.443481 0.585025 0.014952 0.015228
0 0.444079 0.600888 0.013756 0.016497
0 0.422548 0.628173 0.016148 0.012690
0 0.423146 0.639594 0.014952 0.010152
6 0.442883 0.545685 0.019737 0.038071
6 0.442883 0.592005 0.018541 0.031726
6 0.423146 0.634518 0.023325 0.030457
3 0.409689 0.550127 0.045455 0.031726
3 0.410287 0.592005 0.046651 0.029188
3 0.399522 0.632614 0.022727 0.024112