32 0.912679 0.020305 0.027512 0.035533
22 0.970395 0.023477 0.036483 0.036802
19 0.166567 0.159264 0.031699 0.036802
19 0.207237 0.162437 0.035287 0.032995
19 0.243720 0.164975 0.032895 0.038071
19 0.285885 0.164340 0.032297 0.029188
19 0.322967 0.163706 0.031100 0.032995
19 0.355263 0.161168 0.028708 0.032995
19 0.388457 0.162437 0.029306 0.030457
19 0.422548 0.159264 0.029306 0.036802
19 0.453947 0.160533 0.023923 0.036802
19 0.487739 0.162437 0.029306 0.030457
19 0.531998 0.159898 0.038876 0.038071
19 0.565490 0.161168 0.024522 0.038071
19 0.596890 0.157995 0.032297 0.036802
19 0.632775 0.161802 0.027512 0.039340
19 0.665670 0.162437 0.025120 0.043147
19 0.699163 0.159898 0.033493 0.032995
19 0.737440 0.157995 0.033493 0.036802
19 0.773325 0.161168 0.032297 0.040609
19 0.808014 0.160533 0.026316 0.039340
19 0.844498 0.163071 0.037081 0.041878
19 0.877990 0.156726 0.029904 0.041878
19 0.911782 0.162437 0.031699 0.040609
19 0.945275 0.159264 0.032895 0.031726
19 0.936902 0.109772 0.024522 0.044416
19 0.901316 0.112310 0.027512 0.046954
19 0.868122 0.110406 0.034091 0.043147
19 0.835227 0.111041 0.029306 0.039340
19 0.797249 0.111041 0.033493 0.034264
19 0.761663 0.114848 0.031699 0.041878
19 0.725478 0.114213 0.027512 0.045685
19 0.687201 0.116117 0.037081 0.036802
19 0.650718 0.111675 0.029904 0.040609
19 0.616328 0.115482 0.036483 0.043147
19 0.577452 0.112310 0.032895 0.034264
19 0.507476 0.111041 0.031699 0.034264
19 0.474581 0.110406 0.030502 0.045685
19 0.438397 0.114848 0.033493 0.036802
19 0.406400 0.113579 0.024522 0.044416
19 0.301136 0.114213 0.029306 0.030457
19 0.264354 0.112944 0.035885 0.038071
23 0.223684 0.111041 0.027512 0.031726
24 0.190191 0.111675 0.031100 0.032995
25 0.375299 0.112944 0.032895 0.038071
26 0.341806 0.110406 0.023325 0.035533
30 0.543361 0.112310 0.031699 0.041878
28 0.156699 0.114213 0.028708 0.040609
0 0.990132 0.156726 0.014952 0.026650
0 0.020335 0.067259 0.035885 0.025381
0 0.063995 0.068528 0.043062 0.025381
0 0.113636 0.069797 0.046651 0.032995
0 0.168361 0.072335 0.055622 0.035533
0 0.238636 0.069797 0.068182 0.025381
0 0.317883 0.072335 0.083134 0.030457
0 0.389952 0.069797 0.056220 0.027919
0 0.444378 0.069797 0.041866 0.030457
19 0.029007 0.156726 0.036483 0.039340
19 0.065789 0.160533 0.032297 0.036802
19 0.097787 0.163706 0.028110 0.035533
19 0.133373 0.165609 0.040670 0.031726
19 0.030203 0.885787 0.030502 0.048223
19 0.063098 0.884518 0.026914 0.040609
19 0.095993 0.888959 0.025718 0.034264
19 0.130981 0.888325 0.034689 0.048223
19 0.165072 0.887056 0.032297 0.048223
19 0.200359 0.889594 0.029904 0.045685
19 0.229665 0.886421 0.027512 0.046954
19 0.264354 0.883883 0.033493 0.049492
19 0.298744 0.887690 0.022129 0.041878
19 0.329545 0.889594 0.022727 0.032995
19 0.365431 0.889594 0.041866 0.025381
19 0.399522 0.884518 0.022727 0.038071
19 0.702452 0.940355 0.031699 0.040609
19 0.526017 0.937183 0.023325 0.039340
19 0.491627 0.935914 0.031100 0.054569
19 0.449163 0.936548 0.031100 0.048223
19 0.413278 0.933376 0.031100 0.049492
19 0.380084 0.934010 0.031699 0.043147
19 0.348983 0.934010 0.028110 0.048223
19 0.307715 0.940355 0.025718 0.048223
19 0.270634 0.937183 0.031699 0.049492
19 0.238935 0.937817 0.026914 0.045685
19 0.208134 0.939086 0.027512 0.040609
19 0.174940 0.938452 0.031699 0.039340
19 0.140849 0.932107 0.026914 0.039340
19 0.107057 0.933376 0.032297 0.036802
19 0.070873 0.934645 0.030502 0.039340
19 0.031699 0.937183 0.038278 0.041878
19 0.431519 0.880076 0.022129 0.046954
19 0.464713 0.883883 0.035885 0.044416
19 0.500299 0.881345 0.023325 0.041878
19 0.534390 0.879442 0.032895 0.050761
19 0.569079 0.887690 0.030502 0.046954
19 0.599282 0.891497 0.022727 0.052030
19 0.631280 0.888325 0.030502 0.040609
5 0.076256 0.112944 0.125000 0.040609
21 0.487440 0.522208 0.968900 0.668782
0 0.983553 0.206853 0.025718 0.032995
0 0.982656 0.840736 0.022727 0.026650
9 0.984151 0.524112 0.024522 0.662437
9 0.984749 0.425761 0.019737 0.409898
0 0.129486 0.110406 0.022129 0.020305