20 0.499701 0.501904 0.810407 0.874365
22 0.885467 0.088832 0.031699 0.038071
3 0.237141 0.164975 0.237440 0.027919
33 0.239063 0.275676 0.240625 0.164865
33 0.236719 0.458784 0.235938 0.195946
33 0.237891 0.577027 0.233594 0.032432
33 0.237500 0.606757 0.232812 0.027027
33 0.237500 0.637838 0.232812 0.035135
0 0.133594 0.207432 0.026562 0.025676
0 0.132031 0.377703 0.021875 0.022973
0 0.133203 0.575000 0.017969 0.028378
0 0.132031 0.601351 0.020313 0.024324
0 0.132031 0.632432 0.020313 0.037838
0 0.743750 0.435811 0.023438 0.028378
0 0.844922 0.903378 0.086719 0.041892
5 0.570703 0.433784 0.374219 0.043243
0 0.201563 0.206757 0.104687 0.029730
0 0.215625 0.237162 0.107812 0.031081
0 0.240234 0.267568 0.144531 0.021622
0 0.241016 0.292568 0.142969 0.028378
0 0.204297 0.318919 0.069531 0.024324
0 0.205859 0.343919 0.066406 0.025676
0 0.203516 0.404730 0.075781 0.028378
0 0.207422 0.431757 0.067969 0.025676
0 0.233594 0.457432 0.120313 0.025676
0 0.231641 0.489865 0.124219 0.039189
0 0.166016 0.519595 0.038281 0.020270
0 0.176563 0.540541 0.051562 0.021622
0 0.223047 0.572297 0.144531 0.039189
0 0.221484 0.606081 0.147656 0.028378
0 0.195313 0.636486 0.089062 0.024324
4 0.395634 0.213832 0.017344 0.024112
4 0.396830 0.288706 0.014952 0.019036
4 0.396232 0.321701 0.018541 0.019036
4 0.396232 0.358503 0.017344 0.024112
4 0.395933 0.396574 0.016746 0.029188
4 0.395933 0.520939 0.019139 0.031726
4 0.396232 0.555838 0.018541 0.027919
4 0.395634 0.589467 0.016148 0.024112
4 0.397129 0.625635 0.016746 0.020305
4 0.397428 0.661168 0.012560 0.022843
4 0.398026 0.694797 0.014952 0.029188
4 0.395335 0.899746 0.022727 0.032995
0 0.559211 0.242386 0.014354 0.010152
0 0.560706 0.254442 0.011364 0.013959
6 0.559809 0.250635 0.021531 0.034264
3 0.535885 0.250635 0.029904 0.031726