22 0.885467 0.088832 0.031699 0.038071
3 0.237141 0.164975 0.237440 0.027919
0 0.191687 0.210025 0.085526 0.026650
0 0.243720 0.235406 0.141746 0.019036
0 0.243421 0.265228 0.137560 0.030457
0 0.242225 0.295051 0.135167 0.024112
0 0.241926 0.321066 0.135766 0.027919
0 0.241029 0.348350 0.133971 0.026650
0 0.174641 0.378807 0.064593 0.026650
0 0.174342 0.403553 0.062799 0.030457
0 0.173744 0.431472 0.065191 0.025381
0 0.208732 0.459391 0.131579 0.027919
0 0.194976 0.491751 0.100478 0.026650
0 0.193780 0.519670 0.094498 0.026650
0 0.131878 0.210660 0.028110 0.017766
0 0.131579 0.378173 0.014354 0.027919
0 0.131579 0.458756 0.017943 0.021574
0 0.134868 0.487310 0.020933 0.030457
0 0.132775 0.515863 0.013158 0.026650
33 0.223385 0.277284 0.199163 0.171320
33 0.174043 0.405457 0.104067 0.077411
33 0.197368 0.463832 0.149522 0.024112
33 0.182416 0.487310 0.125598 0.022843
33 0.179127 0.515228 0.119019 0.032995
0 0.619318 0.722716 0.017344 0.026650
0 0.520634 0.324873 0.261364 0.038071
5 0.564593 0.723350 0.135167 0.035533
0 0.844922 0.901351 0.094531 0.040541
20 0.501794 0.503807 0.814593 0.880711
4 0.397129 0.904188 0.015550 0.024112
4 0.395036 0.683376 0.016148 0.021574
4 0.395335 0.614848 0.014354 0.026650
4 0.396830 0.211294 0.017344 0.021574
4 0.396531 0.246193 0.015550 0.017766
4 0.397129 0.525381 0.016746 0.020305
4 0.395933 0.489848 0.016746 0.025381
4 0.396531 0.452411 0.016746 0.024112
4 0.397129 0.414340 0.017943 0.026650
4 0.395933 0.280457 0.015550 0.027919
0 0.620813 0.441624 0.016746 0.015228
0 0.621711 0.458122 0.014952 0.017766
6 0.621112 0.451777 0.022129 0.043147
3 0.593301 0.455584 0.032297 0.035533