32 0.912679 0.020305 0.027512 0.035533
22 0.970395 0.023477 0.036483 0.036802
26 0.338816 0.112310 0.032895 0.031726
25 0.372608 0.109772 0.029904 0.036802
24 0.191986 0.112944 0.034689 0.035533
23 0.224581 0.112944 0.026914 0.038071
28 0.156998 0.111675 0.029306 0.035533
30 0.540072 0.111041 0.031100 0.031726
19 0.936603 0.109772 0.032297 0.044416
19 0.902811 0.112944 0.029306 0.043147
19 0.869617 0.111041 0.027512 0.041878
19 0.834031 0.110406 0.032895 0.035533
19 0.794258 0.112944 0.032297 0.040609
19 0.760467 0.116117 0.030502 0.039340
19 0.725778 0.111675 0.029306 0.043147
19 0.688995 0.111675 0.032297 0.032995
19 0.650419 0.111041 0.025718 0.039340
19 0.615730 0.111675 0.028110 0.032995
19 0.578947 0.110406 0.033493 0.032995
19 0.506878 0.111041 0.028110 0.039340
19 0.473983 0.111041 0.032895 0.039340
19 0.296651 0.111675 0.032297 0.043147
19 0.261364 0.111041 0.032297 0.039340
19 0.026017 0.163706 0.028110 0.035533
19 0.063995 0.159264 0.028708 0.036802
19 0.097189 0.162437 0.036483 0.043147
19 0.130383 0.159898 0.026316 0.045685
19 0.161782 0.161802 0.032895 0.044416
19 0.204545 0.157360 0.021531 0.045685
19 0.239533 0.162437 0.031699 0.048223
19 0.287679 0.159264 0.027512 0.041878
19 0.322069 0.163706 0.031699 0.040609
19 0.357057 0.157360 0.031100 0.040609
19 0.392344 0.161802 0.029904 0.039340
19 0.424641 0.160533 0.027512 0.044416
19 0.456340 0.161168 0.026316 0.038071
19 0.487739 0.161802 0.034091 0.041878
19 0.531998 0.158629 0.032895 0.050761
19 0.566388 0.159264 0.031100 0.046954
19 0.600778 0.157360 0.029306 0.040609
19 0.632476 0.159898 0.029306 0.053299
19 0.664773 0.163071 0.030502 0.046954
19 0.700957 0.161168 0.029904 0.045685
19 0.733254 0.163706 0.034689 0.045685
19 0.776017 0.164340 0.034091 0.046954
19 0.811902 0.156726 0.031699 0.049492
19 0.843301 0.159898 0.032297 0.040609
19 0.877093 0.161168 0.029306 0.040609
19 0.909689 0.154188 0.031100 0.044416
19 0.947368 0.164340 0.040670 0.039340
19 0.408493 0.111675 0.028708 0.045685
19 0.439892 0.110406 0.030502 0.040609
0 0.991029 0.161168 0.014354 0.043147
5 0.077751 0.112944 0.125598 0.027919
0 0.130383 0.112944 0.019139 0.022843
0 0.025718 0.067893 0.038278 0.029188
0 0.066687 0.065355 0.037679 0.029188
0 0.113636 0.067259 0.035885 0.027919
0 0.167464 0.067259 0.038278 0.025381
0 0.235347 0.071701 0.067584 0.024112
0 0.319976 0.072970 0.078947 0.031726
0 0.392045 0.069162 0.043660 0.026650
0 0.444677 0.072970 0.037679 0.026650
0 0.988337 0.114213 0.019737 0.038071
0 0.987141 0.246827 0.022129 0.039340
0 0.986244 0.937183 0.017943 0.036802
20 0.125299 0.592640 0.249402 0.804569
13 0.478170 0.206853 0.457536 0.045685
12 0.299641 0.210660 0.090909 0.050761
12 0.400120 0.208122 0.110048 0.043147
12 0.521830 0.206853 0.129785 0.038071
12 0.646232 0.206853 0.119019 0.048223
21 0.609749 0.611041 0.720694 0.767766
9 0.985048 0.611675 0.023923 0.761421
9 0.985945 0.689721 0.020933 0.156091
5 0.122010 0.279822 0.218900 0.079949
0 0.218002 0.256980 0.018541 0.026650
0 0.122309 0.282360 0.213517 0.034264
0 0.123804 0.302665 0.210526 0.026650
0 0.122010 0.333122 0.167464 0.039340
0 0.121711 0.369289 0.166866 0.032995
15 0.083433 0.852792 0.154904 0.055838
22 0.226077 0.204315 0.025120 0.025381
20 0.127990 0.589467 0.250000 0.805838