20 0.499701 0.501904 0.810407 0.874365
22 0.885467 0.088832 0.031699 0.038071
3 0.237141 0.164975 0.237440 0.027919
0 0.696094 0.305405 0.028125 0.032432
0 0.695703 0.385135 0.025781 0.029730
0 0.695703 0.529730 0.022656 0.029730
5 0.622656 0.306081 0.162500 0.036486
5 0.627344 0.387162 0.167188 0.033784
5 0.624219 0.526351 0.164063 0.031081
3 0.650000 0.223649 0.165625 0.028378
3 0.625000 0.432432 0.159375 0.035135
3 0.624219 0.349324 0.162500 0.031081
3 0.625781 0.567568 0.162500 0.040541
3 0.625391 0.615541 0.167969 0.028378
3 0.700391 0.690541 0.308594 0.027027
3 0.701172 0.733108 0.311719 0.033784