32 0.912679 0.020305 0.027512 0.035533
22 0.970395 0.023477 0.036483 0.036802
0 0.025419 0.069797 0.036483 0.032995
0 0.064892 0.075508 0.037679 0.029188
0 0.111842 0.071066 0.049043 0.025381
0 0.162679 0.071701 0.049043 0.029188
0 0.232356 0.071066 0.071172 0.022843
0 0.315789 0.069797 0.082536 0.025381
0 0.385467 0.067259 0.055622 0.027919
0 0.440490 0.066624 0.044856 0.026650
5 0.076854 0.112944 0.123804 0.032995
28 0.157596 0.110406 0.029306 0.043147
24 0.191986 0.111675 0.032297 0.035533
23 0.223983 0.114213 0.029306 0.038071
19 0.260167 0.107868 0.041866 0.032995
19 0.299342 0.112310 0.032895 0.041878
26 0.337022 0.107868 0.030502 0.035533
25 0.375299 0.105964 0.029306 0.044416
19 0.408493 0.109772 0.033493 0.036802
19 0.442285 0.107868 0.032895 0.043147
19 0.472787 0.111041 0.028110 0.041878
19 0.508074 0.113579 0.038876 0.041878
30 0.545754 0.111041 0.029306 0.034264
19 0.578947 0.112310 0.033493 0.031726
19 0.612440 0.114848 0.032297 0.036802
19 0.649522 0.112310 0.026316 0.039340
19 0.684510 0.113579 0.034091 0.044416
19 0.726974 0.113579 0.028110 0.041878
19 0.759868 0.111041 0.029306 0.036802
19 0.792464 0.114213 0.035885 0.045685
19 0.831340 0.112310 0.029904 0.036802
19 0.867524 0.114848 0.034091 0.041878
19 0.902213 0.113579 0.025718 0.041878
19 0.938995 0.108503 0.033493 0.039340
19 0.029306 0.160533 0.031100 0.036802
19 0.065789 0.163071 0.027512 0.046954
19 0.096292 0.161168 0.026316 0.032995
19 0.129187 0.159898 0.033493 0.032995
19 0.164773 0.163071 0.029306 0.034264
19 0.203050 0.163706 0.036483 0.032995
19 0.243421 0.162437 0.033493 0.045685
19 0.286483 0.160533 0.032297 0.036802
19 0.321770 0.161802 0.034689 0.031726
19 0.357955 0.159898 0.030502 0.040609
19 0.387261 0.163706 0.026914 0.040609
19 0.422249 0.161168 0.037081 0.038071
19 0.456340 0.162437 0.031100 0.032995
19 0.490132 0.158629 0.026914 0.035533
19 0.529007 0.157995 0.041268 0.036802
19 0.567584 0.163071 0.028708 0.046954
19 0.599581 0.157360 0.031699 0.035533
19 0.631579 0.158629 0.027512 0.035533
19 0.663876 0.159264 0.027512 0.046954
19 0.703050 0.158629 0.034091 0.043147
19 0.735048 0.154822 0.025120 0.038071
19 0.777213 0.160533 0.038876 0.041878
19 0.810706 0.157995 0.029306 0.046954
19 0.843600 0.157360 0.029306 0.038071
19 0.875598 0.162437 0.028708 0.035533
19 0.908194 0.154188 0.032895 0.046954
19 0.943481 0.159264 0.034091 0.036802
0 0.982057 0.198604 0.017943 0.034264
19 0.031998 0.933376 0.034091 0.039340
19 0.069079 0.930838 0.030502 0.044416
19 0.102572 0.926396 0.031699 0.048223
19 0.138756 0.935914 0.035885 0.039340
19 0.172548 0.934645 0.031699 0.031726
19 0.203050 0.933376 0.026914 0.036802
19 0.236543 0.935914 0.028110 0.036802
19 0.269737 0.934645 0.023923 0.039340
19 0.305921 0.937817 0.042464 0.038071
19 0.345993 0.932741 0.023325 0.040609
19 0.702153 0.936548 0.040670 0.035533
19 0.381280 0.932107 0.031699 0.046954
19 0.416866 0.936548 0.026316 0.035533
19 0.448864 0.933376 0.035287 0.046954
19 0.489234 0.928299 0.033493 0.044416
19 0.523923 0.929569 0.026316 0.044416
19 0.561902 0.937183 0.040072 0.039340
19 0.594498 0.933376 0.027512 0.034264
19 0.630084 0.935279 0.032895 0.035533
19 0.660885 0.935914 0.027512 0.041878
19 0.702153 0.936548 0.049043 0.040609
14 0.409390 0.395939 0.284091 0.236041
3 0.444976 0.734137 0.167464 0.031726
22 0.731758 0.192893 0.017344 0.043147
5 0.318182 0.729695 0.071770 0.030457
5 0.645634 0.808376 0.165670 0.170051
0 0.398026 0.801396 0.092703 0.039340
0 0.498206 0.802030 0.095694 0.038071
9 0.983852 0.541878 0.023923 0.718274
0 0.990431 0.157995 0.017943 0.031726
0 0.982955 0.883883 0.016148 0.031726
9 0.983553 0.409264 0.023325 0.379442
0 0.127392 0.112944 0.020335 0.027919
0 0.343301 0.730964 0.017943 0.027919
0 0.711722 0.737944 0.022727 0.026650
20 0.502392 0.513959 0.495215 0.685279