22 0.885467 0.088832 0.031699 0.038071
3 0.237141 0.164975 0.237440 0.027919
0 0.718900 0.217640 0.088517 0.031726
0 0.191687 0.210025 0.085526 0.026650
0 0.243720 0.235406 0.141746 0.019036
0 0.243421 0.265228 0.137560 0.030457
0 0.242225 0.295051 0.135167 0.024112
0 0.241926 0.321066 0.135766 0.027919
0 0.241029 0.348350 0.133971 0.026650
0 0.174641 0.378807 0.064593 0.026650
0 0.174342 0.403553 0.062799 0.030457
0 0.173744 0.431472 0.065191 0.025381
0 0.208732 0.459391 0.131579 0.027919
0 0.194976 0.491751 0.100478 0.026650
0 0.193780 0.519670 0.094498 0.026650
0 0.131878 0.210660 0.028110 0.017766
0 0.131579 0.378173 0.014354 0.027919
0 0.131579 0.458756 0.017943 0.021574
0 0.134868 0.487310 0.020933 0.030457
0 0.132775 0.515863 0.013158 0.026650
33 0.217703 0.279822 0.192584 0.166244
33 0.163876 0.404188 0.090909 0.079949
33 0.198864 0.464467 0.150120 0.030457
33 0.187201 0.493655 0.126794 0.027919
33 0.182117 0.521574 0.116627 0.027919
3 0.586423 0.217640 0.160885 0.036802
0 0.517045 0.260787 0.014952 0.029188
5 0.488038 0.263325 0.080144 0.031726
20 0.500598 0.501269 0.812201 0.873096
4 0.396232 0.349619 0.020933 0.029188
0 0.541268 0.435279 0.015550 0.012690
6 0.540969 0.439086 0.017344 0.025381
0 0.541268 0.447335 0.015550 0.011421
3 0.520933 0.440355 0.028708 0.027919
4 0.394737 0.901650 0.016746 0.021574