19 0.442285 0.110406 0.028110 0.038071
19 0.474880 0.109772 0.027512 0.039340
19 0.507177 0.110406 0.029904 0.032995
30 0.540969 0.110406 0.036483 0.035533
19 0.576256 0.111675 0.029306 0.030457
19 0.618122 0.111675 0.030502 0.027919
19 0.652512 0.113579 0.032297 0.034264
19 0.685407 0.114848 0.025120 0.039340
19 0.725179 0.110406 0.025718 0.038071
19 0.757775 0.115482 0.031100 0.040609
19 0.793959 0.112944 0.025718 0.035533
19 0.831041 0.114213 0.034091 0.035533
19 0.867225 0.110406 0.033493 0.027919
19 0.902512 0.111675 0.035885 0.038071
19 0.935407 0.109772 0.029904 0.039340
19 0.456639 0.161168 0.028110 0.032995
19 0.491627 0.163706 0.033493 0.043147
19 0.534091 0.156726 0.032297 0.034264
19 0.567883 0.161802 0.031699 0.041878
19 0.598684 0.161802 0.029904 0.036802
19 0.632775 0.163706 0.034689 0.035533
19 0.667763 0.159264 0.031699 0.039340
19 0.698565 0.161802 0.028708 0.041878
19 0.735048 0.163706 0.039474 0.040609
19 0.773923 0.163706 0.034689 0.035533
19 0.811304 0.159898 0.034091 0.038071
19 0.843301 0.160533 0.023923 0.041878
19 0.876495 0.162437 0.031699 0.040609
19 0.910586 0.166244 0.030502 0.035533
19 0.944079 0.158629 0.038876 0.035533
9 0.983553 0.578680 0.018541 0.774112
0 0.982656 0.201142 0.017943 0.031726
0 0.990132 0.164340 0.014952 0.031726
0 0.981459 0.947335 0.017943 0.031726
0 0.024821 0.069797 0.036483 0.025381
0 0.064892 0.072970 0.036483 0.026650
0 0.113038 0.072335 0.046651 0.022843
0 0.167763 0.062817 0.056818 0.031726
0 0.236244 0.070431 0.065789 0.029188
0 0.318481 0.071066 0.083134 0.030457
0 0.387560 0.069797 0.041866 0.027919
0 0.443481 0.072970 0.041268 0.026650
0 0.269438 0.107868 0.257775 0.045685
0 0.267045 0.151650 0.262560 0.041878
0 0.269139 0.189721 0.266746 0.034264
0 0.269737 0.222716 0.265550 0.031726
0 0.267644 0.259518 0.261364 0.041878
0 0.267344 0.296954 0.261962 0.032995
0 0.267045 0.328680 0.261364 0.030457
0 0.268242 0.362944 0.258971 0.038071
0 0.267644 0.398477 0.257775 0.032995
0 0.265849 0.439721 0.261364 0.049492
0 0.267045 0.485406 0.263756 0.041878
0 0.270634 0.524746 0.256579 0.036802
0 0.270634 0.559010 0.256579 0.031726
0 0.269139 0.595812 0.259569 0.041878
0 0.268840 0.636421 0.258971 0.039340
0 0.270036 0.676396 0.256579 0.040609
0 0.269139 0.717640 0.254785 0.041878
0 0.269438 0.760152 0.254187 0.043147
0 0.271531 0.800127 0.258373 0.036802
0 0.271531 0.836294 0.258373 0.035533
0 0.270335 0.871193 0.255981 0.034264
0 0.270335 0.907360 0.255981 0.038071
0 0.270036 0.942893 0.255383 0.032995
0 0.269139 0.978426 0.257177 0.038071
7 0.270036 0.517132 0.255383 0.932741
5 0.078050 0.113579 0.125000 0.031726
19 0.421352 0.159264 0.028110 0.039340
19 0.029904 0.155457 0.027512 0.041878
19 0.061603 0.154188 0.034689 0.041878
19 0.093900 0.152284 0.028708 0.048223
0 0.504187 0.395939 0.210526 0.043147
0 0.498505 0.436548 0.221890 0.038071
0 0.497907 0.477157 0.220694 0.043147
0 0.503289 0.520939 0.209928 0.044416
0 0.502990 0.565355 0.209330 0.044416
8 0.490132 0.481599 0.239833 0.199239
32 0.912679 0.020305 0.027512 0.035533
22 0.970395 0.023477 0.036483 0.036802
9 0.983254 0.451777 0.016746 0.472081
0 0.128589 0.112944 0.021531 0.022843