20 0.499701 0.501904 0.810407 0.874365
22 0.885467 0.088832 0.031699 0.038071
3 0.237141 0.164975 0.237440 0.027919
0 0.191687 0.210025 0.085526 0.026650
0 0.243720 0.235406 0.141746 0.019036
0 0.243421 0.265228 0.137560 0.030457
0 0.242225 0.295051 0.135167 0.024112
0 0.241926 0.321066 0.135766 0.027919
0 0.241029 0.348350 0.133971 0.026650
0 0.174641 0.378807 0.064593 0.026650
0 0.174342 0.403553 0.062799 0.030457
0 0.173744 0.431472 0.065191 0.025381
0 0.208732 0.459391 0.131579 0.027919
0 0.194976 0.491751 0.100478 0.026650
0 0.193780 0.519670 0.094498 0.026650
0 0.131878 0.210660 0.028110 0.017766
0 0.131579 0.378173 0.014354 0.027919
0 0.131579 0.458756 0.017943 0.021574
0 0.134868 0.487310 0.020933 0.030457
0 0.132775 0.515863 0.013158 0.026650
33 0.223385 0.277284 0.199163 0.171320
33 0.174043 0.405457 0.104067 0.077411
33 0.197368 0.463832 0.149522 0.024112
33 0.182416 0.487310 0.125598 0.022843
33 0.179127 0.515228 0.119019 0.032995
3 0.530801 0.431472 0.156100 0.030457
3 0.531400 0.480330 0.162081 0.031726
3 0.531400 0.523477 0.156100 0.026650
3 0.529904 0.562183 0.156699 0.032995
3 0.752990 0.437817 0.157895 0.032995
3 0.755383 0.482234 0.154306 0.032995
3 0.751495 0.524112 0.162081 0.025381
3 0.753888 0.564086 0.158493 0.029188
3 0.773624 0.179569 0.150120 0.026650
3 0.771830 0.229061 0.153708 0.034264
3 0.770036 0.270305 0.148923 0.025381
3 0.528708 0.395939 0.155502 0.030457
3 0.754486 0.392766 0.157297 0.029188
0 0.682416 0.183376 0.017943 0.039340
0 0.681519 0.221447 0.018541 0.036802
0 0.680024 0.274746 0.019139 0.021574
5 0.568481 0.182741 0.231459 0.040609
5 0.569976 0.220178 0.230861 0.034264
5 0.570275 0.266497 0.231459 0.038071
0 0.847266 0.902703 0.102344 0.037838
3 0.503589 0.308376 0.033493 0.030457
0 0.526615 0.302030 0.017344 0.017766
0 0.526615 0.314721 0.011364 0.010152
6 0.529306 0.305838 0.022727 0.030457
4 0.394737 0.900381 0.019139 0.024112