32 0.912679 0.020305 0.027512 0.035533
22 0.970395 0.023477 0.036483 0.036802
0 0.025419 0.069797 0.036483 0.032995
0 0.064892 0.075508 0.037679 0.029188
0 0.111842 0.071066 0.049043 0.025381
0 0.162679 0.071701 0.049043 0.029188
0 0.232356 0.071066 0.071172 0.022843
0 0.315789 0.069797 0.082536 0.025381
0 0.385467 0.067259 0.055622 0.027919
0 0.440490 0.066624 0.044856 0.026650
5 0.076854 0.112944 0.123804 0.032995
28 0.157596 0.110406 0.029306 0.043147
24 0.191986 0.111675 0.032297 0.035533
23 0.223983 0.114213 0.029306 0.038071
19 0.260167 0.107868 0.041866 0.032995
19 0.299342 0.112310 0.032895 0.041878
26 0.337022 0.107868 0.030502 0.035533
25 0.375299 0.105964 0.029306 0.044416
19 0.408493 0.109772 0.033493 0.036802
19 0.442285 0.107868 0.032895 0.043147
19 0.472787 0.111041 0.028110 0.041878
19 0.508074 0.113579 0.038876 0.041878
30 0.545754 0.111041 0.029306 0.034264
19 0.578947 0.112310 0.033493 0.031726
19 0.612440 0.114848 0.032297 0.036802
19 0.649522 0.112310 0.026316 0.039340
19 0.684510 0.113579 0.034091 0.044416
19 0.726974 0.113579 0.028110 0.041878
19 0.759868 0.111041 0.029306 0.036802
19 0.792464 0.114213 0.035885 0.045685
19 0.831340 0.112310 0.029904 0.036802
19 0.867524 0.114848 0.034091 0.041878
19 0.902213 0.113579 0.025718 0.041878
19 0.938995 0.108503 0.033493 0.039340
19 0.029306 0.160533 0.031100 0.036802
19 0.065789 0.163071 0.027512 0.046954
19 0.096292 0.161168 0.026316 0.032995
19 0.129187 0.159898 0.033493 0.032995
19 0.164773 0.163071 0.029306 0.034264
19 0.203050 0.163706 0.036483 0.032995
19 0.243421 0.162437 0.033493 0.045685
19 0.286483 0.160533 0.032297 0.036802
19 0.321770 0.161802 0.034689 0.031726
19 0.357955 0.159898 0.030502 0.040609
19 0.387261 0.163706 0.026914 0.040609
19 0.422249 0.161168 0.037081 0.038071
19 0.456340 0.162437 0.031100 0.032995
19 0.490132 0.158629 0.026914 0.035533
19 0.529007 0.157995 0.041268 0.036802
19 0.567584 0.163071 0.028708 0.046954
19 0.599581 0.157360 0.031699 0.035533
19 0.631579 0.158629 0.027512 0.035533
19 0.663876 0.159264 0.027512 0.046954
19 0.703050 0.158629 0.034091 0.043147
19 0.735048 0.154822 0.025120 0.038071
19 0.777213 0.160533 0.038876 0.041878
19 0.810706 0.157995 0.029306 0.046954
19 0.843600 0.157360 0.029306 0.038071
19 0.875598 0.162437 0.028708 0.035533
19 0.908194 0.154188 0.032895 0.046954
19 0.943481 0.159264 0.034091 0.036802
0 0.982057 0.198604 0.017943 0.034264
19 0.031998 0.933376 0.034091 0.039340
19 0.069079 0.930838 0.030502 0.044416
19 0.102572 0.926396 0.031699 0.048223
19 0.138756 0.935914 0.035885 0.039340
19 0.172548 0.934645 0.031699 0.031726
19 0.203050 0.933376 0.026914 0.036802
19 0.236543 0.935914 0.028110 0.036802
19 0.269737 0.934645 0.023923 0.039340
19 0.305921 0.937817 0.042464 0.038071
19 0.345993 0.932741 0.023325 0.040609
19 0.702153 0.936548 0.040670 0.035533
19 0.381280 0.932107 0.031699 0.046954
19 0.416866 0.936548 0.026316 0.035533
19 0.448864 0.933376 0.035287 0.046954
19 0.489234 0.928299 0.033493 0.044416
19 0.523923 0.929569 0.026316 0.044416
19 0.561902 0.937183 0.040072 0.039340
19 0.594498 0.933376 0.027512 0.034264
19 0.630084 0.935279 0.032895 0.035533
19 0.660885 0.935914 0.027512 0.041878
19 0.702153 0.936548 0.049043 0.040609
0 0.986244 0.885152 0.017943 0.031726
0 0.991926 0.159898 0.013756 0.025381
9 0.985048 0.539340 0.022727 0.723350
22 0.669856 0.209391 0.020335 0.030457
0 0.532596 0.781726 0.091507 0.038071
0 0.634270 0.782360 0.093900 0.031726
19 0.337321 0.277284 0.019139 0.036802
19 0.359749 0.276650 0.020933 0.030457
19 0.385467 0.270305 0.014952 0.043147
19 0.407297 0.277284 0.016746 0.044416
19 0.432715 0.273477 0.012560 0.036802
19 0.453947 0.277284 0.015550 0.036802
19 0.335825 0.310914 0.017344 0.032995
19 0.359450 0.310279 0.017943 0.036802
19 0.339414 0.354695 0.014952 0.036802
19 0.357656 0.358503 0.016746 0.036802
19 0.335526 0.397843 0.015550 0.031726
19 0.356459 0.402284 0.020335 0.035533
19 0.384569 0.402919 0.014354 0.029188
19 0.383971 0.352792 0.014354 0.038071
19 0.386364 0.318528 0.013158 0.032995
19 0.406998 0.315355 0.014952 0.026650
19 0.405801 0.354061 0.017344 0.050761
19 0.405502 0.395939 0.015550 0.035533
19 0.430921 0.404188 0.012560 0.046954
19 0.453050 0.395305 0.022129 0.034264
19 0.434809 0.357868 0.021531 0.040609
19 0.456041 0.354695 0.014952 0.019036
19 0.430921 0.312817 0.019737 0.031726
19 0.453349 0.318528 0.017943 0.038071
19 0.523026 0.281726 0.024522 0.035533
19 0.548445 0.274746 0.011962 0.036802
19 0.571471 0.273477 0.022129 0.034264
19 0.595395 0.274112 0.018541 0.040609
19 0.616328 0.271574 0.013756 0.032995
19 0.639055 0.275381 0.016148 0.025381
19 0.640251 0.310279 0.013756 0.044416
19 0.641746 0.352792 0.016746 0.040609
19 0.638457 0.398477 0.023325 0.050761
19 0.617225 0.397843 0.014354 0.036802
19 0.519438 0.397843 0.023325 0.034264
19 0.519737 0.358503 0.019139 0.031726
19 0.522129 0.313452 0.015550 0.040609
19 0.546950 0.314721 0.024522 0.043147
19 0.567883 0.315355 0.019737 0.044416
19 0.592703 0.314721 0.019139 0.038071
19 0.614234 0.312817 0.019139 0.036802
19 0.615132 0.355330 0.020933 0.043147
19 0.592105 0.356599 0.021531 0.030457
19 0.569079 0.360406 0.017344 0.045685
19 0.544557 0.361041 0.012560 0.039340
19 0.543660 0.397843 0.017943 0.029188
19 0.568481 0.401650 0.016148 0.024112
19 0.593002 0.394670 0.010167 0.030457
5 0.396830 0.793147 0.075957 0.142132
4 0.329545 0.688452 0.020335 0.029188
0 0.397727 0.762690 0.077751 0.022843
0 0.396830 0.786168 0.079545 0.024112
0 0.395335 0.810279 0.076555 0.024112
0 0.396232 0.833756 0.074761 0.022843
0 0.396531 0.853426 0.075359 0.016497
9 0.982057 0.407995 0.026316 0.376904
0 0.125299 0.113579 0.023325 0.019036
0 0.426435 0.734137 0.014354 0.029188
20 0.500598 0.524112 0.383971 0.682741