20 0.499701 0.501904 0.810407 0.874365
22 0.885467 0.088832 0.031699 0.038071
3 0.237141 0.164975 0.237440 0.027919
0 0.754297 0.556757 0.022656 0.024324
0 0.845703 0.900676 0.086719 0.036486
0 0.131250 0.206081 0.020313 0.022973
0 0.131250 0.377027 0.023438 0.024324
0 0.130859 0.575000 0.021094 0.022973
0 0.130859 0.600000 0.021094 0.027027
0 0.130859 0.627027 0.021094 0.027027
0 0.194141 0.206757 0.100781 0.021622
0 0.210938 0.241216 0.082812 0.025676
0 0.241016 0.265541 0.141406 0.022973
0 0.219922 0.291892 0.097656 0.027027
0 0.220703 0.319595 0.096094 0.028378
0 0.220312 0.346622 0.095312 0.025676
0 0.203125 0.400000 0.070313 0.032432
0 0.175391 0.375676 0.053906 0.021622
0 0.209766 0.432432 0.064844 0.032432
0 0.242578 0.464865 0.144531 0.029730
0 0.235156 0.492568 0.125000 0.028378
0 0.215234 0.517568 0.139844 0.024324
0 0.178125 0.544595 0.065625 0.029730
0 0.208203 0.579054 0.139844 0.028378
0 0.171094 0.602703 0.065625 0.016216
0 0.194141 0.631081 0.097656 0.040541
5 0.678906 0.556757 0.187500 0.040541
33 0.215234 0.277027 0.192969 0.167568
33 0.216016 0.458108 0.191406 0.194595
33 0.215625 0.576351 0.190625 0.041892
33 0.218359 0.609459 0.185156 0.024324
33 0.216797 0.638514 0.182031 0.033784
3 0.615132 0.399746 0.038876 0.035533
6 0.645634 0.402284 0.018541 0.045685
0 0.642644 0.394036 0.011364 0.013959
0 0.643242 0.407995 0.010167 0.013959
4 0.395335 0.211294 0.017943 0.026650
4 0.395335 0.439721 0.017943 0.026650
4 0.397727 0.557741 0.016746 0.024112
4 0.395933 0.901650 0.021531 0.021574