12 0.148624 0.133249 0.077153 0.025381
12 0.274522 0.135152 0.173445 0.029188
12 0.442285 0.133249 0.163278 0.027919
13 0.313397 0.133249 0.419856 0.025381
0 0.819976 0.185279 0.088517 0.035533
3 0.457237 0.185914 0.615431 0.029188
4 0.136364 0.289975 0.020335 0.026650
4 0.134569 0.355964 0.023923 0.021574
4 0.138158 0.421320 0.025120 0.027919
3 0.404605 0.668147 0.164474 0.036802
0 0.151017 0.918782 0.092703 0.032995
0 0.852273 0.920685 0.089713 0.029188
22 0.890849 0.072970 0.017344 0.026650
5 0.776615 0.670051 0.186005 0.032995
0 0.860646 0.665609 0.013158 0.021574
0 0.769139 0.694797 0.161483 0.019036
0 0.769438 0.715102 0.162081 0.021574
0 0.767943 0.736675 0.165072 0.021574
0 0.766447 0.759518 0.162081 0.024112
0 0.767644 0.780457 0.159689 0.017766
0 0.767644 0.801396 0.159689 0.024112
0 0.767644 0.823604 0.159689 0.020305
0 0.768242 0.847081 0.160885 0.026650
0 0.768541 0.870558 0.160287 0.020305
0 0.766746 0.888959 0.156699 0.016497
0 0.859749 0.697970 0.022129 0.027919
0 0.855562 0.882614 0.029306 0.026650
9 0.858254 0.793147 0.020335 0.208122
20 0.501495 0.503807 0.818780 0.898477