30 0.540969 0.110406 0.036483 0.035533
19 0.576256 0.111675 0.029306 0.030457
19 0.618122 0.111675 0.030502 0.027919
19 0.652512 0.113579 0.032297 0.034264
19 0.685407 0.114848 0.025120 0.039340
19 0.725179 0.110406 0.025718 0.038071
19 0.757775 0.115482 0.031100 0.040609
19 0.793959 0.112944 0.025718 0.035533
19 0.831041 0.114213 0.034091 0.035533
19 0.867225 0.110406 0.033493 0.027919
19 0.902512 0.111675 0.035885 0.038071
19 0.935407 0.109772 0.029904 0.039340
19 0.534091 0.156726 0.032297 0.034264
19 0.567883 0.161802 0.031699 0.041878
19 0.598684 0.161802 0.029904 0.036802
19 0.632775 0.163706 0.034689 0.035533
19 0.667763 0.159264 0.031699 0.039340
19 0.698565 0.161802 0.028708 0.041878
19 0.735048 0.163706 0.039474 0.040609
19 0.773923 0.163706 0.034689 0.035533
19 0.811304 0.159898 0.034091 0.038071
19 0.843301 0.160533 0.023923 0.041878
19 0.876495 0.162437 0.031699 0.040609
19 0.910586 0.166244 0.030502 0.035533
19 0.944079 0.158629 0.038876 0.035533
9 0.983553 0.578680 0.018541 0.774112
0 0.982656 0.201142 0.017943 0.031726
0 0.990132 0.164340 0.014952 0.031726
0 0.981459 0.947335 0.017943 0.031726
0 0.024821 0.069797 0.036483 0.025381
0 0.064892 0.072970 0.036483 0.026650
0 0.113038 0.072335 0.046651 0.022843
0 0.167763 0.062817 0.056818 0.031726
0 0.236244 0.070431 0.065789 0.029188
0 0.318481 0.071066 0.083134 0.030457
0 0.387560 0.069797 0.041866 0.027919
0 0.443481 0.072970 0.041268 0.026650
0 0.227871 0.271574 0.364833 0.048223
0 0.227273 0.349619 0.363636 0.041878
0 0.226974 0.396574 0.371411 0.046954
0 0.228768 0.438452 0.363038 0.034264
0 0.231459 0.481599 0.363636 0.036802
0 0.230263 0.522843 0.361244 0.043147
0 0.229067 0.569797 0.362440 0.040609
0 0.228170 0.614213 0.358254 0.045685
0 0.230263 0.660533 0.361244 0.036802
0 0.229366 0.698604 0.366627 0.039340
22 0.972488 0.024746 0.029904 0.036802
32 0.915072 0.024112 0.033493 0.035533
9 0.983254 0.455584 0.020335 0.469543