20 0.500598 0.500635 0.815789 0.897208
13 0.316089 0.140228 0.415670 0.031726
12 0.145335 0.138959 0.074163 0.024112
12 0.273325 0.141497 0.179426 0.026650
12 0.442584 0.140228 0.159091 0.031726
4 0.124402 0.180838 0.019139 0.026650
5 0.349581 0.270305 0.049641 0.027919
5 0.349581 0.345178 0.050837 0.030457
5 0.602871 0.272843 0.052632 0.032995
5 0.604067 0.345812 0.051435 0.034264
0 0.619019 0.272208 0.017943 0.024112
0 0.616926 0.345178 0.016148 0.027919
0 0.364833 0.272208 0.013158 0.021574
0 0.363038 0.346447 0.016746 0.017766
0 0.832835 0.409264 0.091507 0.034264
0 0.150718 0.924492 0.094498 0.044416
0 0.854665 0.919416 0.093301 0.049492
3 0.487440 0.277284 0.166268 0.036802
3 0.487440 0.347081 0.167464 0.029188
3 0.230562 0.272208 0.160885 0.031726
3 0.233553 0.348350 0.164474 0.036802
22 0.888158 0.080584 0.017943 0.039340