24 0.055921 0.104695 0.025718 0.029188
23 0.085825 0.104061 0.022129 0.032995
28 0.029306 0.102792 0.021531 0.030457
0 0.059211 0.060914 0.026316 0.025381
0 0.105263 0.063452 0.044258 0.030457
0 0.176734 0.063452 0.081938 0.027919
0 0.256579 0.054569 0.052632 0.030457
0 0.328648 0.062817 0.077153 0.026650
0 0.400718 0.063452 0.059809 0.025381
22 0.979067 0.025381 0.022727 0.027919
0 0.946471 0.141497 0.017344 0.029188
0 0.946471 0.909264 0.022129 0.034264
0 0.922548 0.943528 0.022129 0.024112
0 0.213517 0.942893 0.016746 0.022843
9 0.946770 0.528553 0.021531 0.795685
9 0.580443 0.944162 0.754187 0.035533
9 0.426734 0.946066 0.402512 0.029188
9 0.946172 0.206853 0.019139 0.091371
22 0.983254 0.064086 0.011962 0.026650
32 0.947069 0.022208 0.019737 0.024112
32 0.965909 0.064721 0.015550 0.025381
20 0.098385 0.562817 0.196770 0.871827
19 0.030203 0.196066 0.037679 0.046954
19 0.073864 0.201777 0.034091 0.050761
19 0.119318 0.202411 0.034091 0.046954
19 0.163876 0.202411 0.033493 0.046954
19 0.165371 0.262690 0.032895 0.045685
19 0.164773 0.320431 0.034091 0.049492
19 0.165371 0.377538 0.032895 0.046954
19 0.164474 0.461294 0.037081 0.049492
19 0.164175 0.520939 0.035287 0.049492
19 0.164474 0.578680 0.034689 0.045685
19 0.163577 0.659898 0.035287 0.043147
19 0.164474 0.719543 0.032297 0.045685
19 0.165072 0.779822 0.037081 0.046954
19 0.164474 0.838198 0.034689 0.052030
19 0.030502 0.256980 0.035885 0.054569
19 0.074163 0.258883 0.034689 0.045685
19 0.118720 0.258249 0.032895 0.044416
19 0.119019 0.316624 0.034689 0.041878
19 0.074163 0.317893 0.034689 0.041878
19 0.029904 0.319162 0.033493 0.052030
19 0.030203 0.377538 0.034091 0.044416
19 0.074163 0.378173 0.034689 0.040609
19 0.119916 0.378807 0.032895 0.044416
19 0.029605 0.460025 0.034091 0.041878
19 0.030203 0.519670 0.034091 0.044416
19 0.072967 0.458122 0.033493 0.043147
19 0.120215 0.457487 0.035885 0.044416
19 0.119318 0.518401 0.037679 0.039340
19 0.075658 0.519670 0.032895 0.044416
19 0.118421 0.579315 0.033493 0.046954
19 0.120215 0.657360 0.035885 0.045685
19 0.073266 0.661802 0.037679 0.046954
19 0.029904 0.659898 0.033493 0.048223
19 0.030502 0.719543 0.034689 0.040609
19 0.031400 0.779822 0.032895 0.041878
19 0.074163 0.718274 0.033493 0.038071
19 0.120813 0.717005 0.031100 0.045685
19 0.119019 0.779822 0.035885 0.046954
19 0.074462 0.779188 0.037679 0.043147
31 0.808612 0.101523 0.031100 0.032995
29 0.845395 0.103426 0.026914 0.029188
19 0.519438 0.102157 0.020933 0.024112
19 0.589414 0.103426 0.026914 0.024112
19 0.619916 0.104061 0.029306 0.038071
19 0.645933 0.102792 0.016746 0.020305
19 0.673744 0.102792 0.022129 0.030457
19 0.702751 0.104695 0.021531 0.031726
19 0.732955 0.104061 0.030502 0.030457
19 0.769737 0.102792 0.023923 0.027919
35 0.558612 0.103426 0.033493 0.029188
0 0.125897 0.840736 0.024522 0.024112
5 0.073864 0.841371 0.123804 0.027919
3 0.053828 0.575508 0.033493 0.029188
0 0.080144 0.566624 0.016746 0.016497
0 0.080742 0.585025 0.016746 0.017766
6 0.082536 0.577411 0.026316 0.055838