19 0.119916 0.378807 0.032895 0.044416
19 0.029605 0.460025 0.034091 0.041878
19 0.030203 0.519670 0.034091 0.044416
19 0.072967 0.458122 0.033493 0.043147
19 0.120215 0.457487 0.035885 0.044416
19 0.119318 0.518401 0.037679 0.039340
19 0.075658 0.519670 0.032895 0.044416
19 0.118421 0.579315 0.033493 0.046954
19 0.120215 0.657360 0.035885 0.045685
19 0.073266 0.661802 0.037679 0.046954
19 0.029904 0.659898 0.033493 0.048223
19 0.030502 0.719543 0.034689 0.040609
19 0.031400 0.779822 0.032895 0.041878
19 0.074163 0.718274 0.033493 0.038071
19 0.120813 0.717005 0.031100 0.045685
19 0.119019 0.779822 0.035885 0.046954
19 0.074462 0.779188 0.037679 0.043147
28 0.031400 0.104695 0.022129 0.024112
24 0.058612 0.100254 0.021531 0.025381
23 0.085825 0.102157 0.022129 0.039340
12 0.238935 0.133883 0.059211 0.031726
12 0.300239 0.138959 0.057416 0.024112
12 0.358254 0.140863 0.061005 0.022843
12 0.430921 0.135787 0.079545 0.022843
12 0.511962 0.132614 0.082536 0.026650
13 0.382177 0.133249 0.349282 0.030457
0 0.542165 0.898477 0.095096 0.038071
0 0.641447 0.904822 0.087919 0.030457
22 0.780203 0.078680 0.024522 0.027919
19 0.031699 0.375635 0.037081 0.048223
19 0.031998 0.315990 0.032895 0.043147
19 0.029904 0.260152 0.031100 0.043147
0 0.125000 0.836929 0.019139 0.021574
0 0.337321 0.742386 0.194976 0.040609
0 0.336722 0.638959 0.196172 0.036802
0 0.277512 0.829315 0.092105 0.034264
3 0.412978 0.331853 0.026914 0.036802
3 0.412978 0.376904 0.030502 0.020305
20 0.500299 0.496827 0.596292 0.881980
20 0.098385 0.546954 0.191986 0.842640
4 0.247010 0.479695 0.017943 0.025381
4 0.249103 0.515863 0.019737 0.026650
4 0.352572 0.482234 0.017344 0.022843
4 0.247309 0.590736 0.013756 0.021574
4 0.245215 0.700508 0.015550 0.015228
2 0.250000 0.222081 0.017943 0.032995
2 0.249701 0.250635 0.018541 0.024112
2 0.249402 0.279188 0.017943 0.032995
2 0.250299 0.309645 0.016148 0.027919
2 0.249402 0.338832 0.014354 0.030457
2 0.248206 0.368020 0.016746 0.027919
2 0.411782 0.211929 0.019737 0.022843
2 0.411184 0.240482 0.020933 0.034264
0 0.443182 0.319162 0.019139 0.016497
0 0.445275 0.338198 0.014952 0.021574
0 0.445574 0.373731 0.020335 0.013959
0 0.445275 0.390863 0.020933 0.020305
0 0.080443 0.567259 0.018541 0.017766
0 0.079545 0.586294 0.020335 0.020305
6 0.445574 0.327411 0.028708 0.048223
6 0.446471 0.379442 0.028110 0.053299
6 0.080443 0.580584 0.024522 0.049492