24 0.055921 0.104695 0.025718 0.029188
23 0.085825 0.104061 0.022129 0.032995
28 0.029306 0.102792 0.021531 0.030457
0 0.123206 0.841371 0.022727 0.025381
5 0.073864 0.842640 0.123804 0.038071
19 0.163577 0.840102 0.032895 0.040609
19 0.164175 0.923223 0.032895 0.044416
19 0.119318 0.918782 0.031699 0.050761
19 0.075658 0.923223 0.036483 0.052030
19 0.030502 0.919416 0.033493 0.049492
0 0.059211 0.060914 0.026316 0.025381
0 0.105263 0.063452 0.044258 0.030457
0 0.176734 0.063452 0.081938 0.027919
0 0.256579 0.054569 0.052632 0.030457
0 0.328648 0.062817 0.077153 0.026650
0 0.400718 0.063452 0.059809 0.025381
22 0.979067 0.025381 0.022727 0.027919
0 0.946471 0.141497 0.017344 0.029188
0 0.946471 0.909264 0.022129 0.034264
0 0.922548 0.943528 0.022129 0.024112
0 0.213517 0.942893 0.016746 0.022843
9 0.946770 0.528553 0.021531 0.795685
9 0.580443 0.944162 0.754187 0.035533
9 0.426734 0.946066 0.402512 0.029188
9 0.946172 0.206853 0.019139 0.091371
22 0.983254 0.064086 0.011962 0.026650
32 0.947069 0.022208 0.019737 0.024112
32 0.965909 0.064721 0.015550 0.025381
29 0.842105 0.103426 0.034689 0.036802
31 0.803529 0.100888 0.026914 0.034264
19 0.768541 0.103426 0.028708 0.026650
19 0.732955 0.105330 0.019737 0.030457
19 0.704246 0.105964 0.022129 0.029188
19 0.678529 0.105330 0.023325 0.025381
19 0.114234 0.661168 0.027512 0.048223
19 0.029306 0.720178 0.031100 0.044416
19 0.027811 0.778553 0.034091 0.049492
19 0.029007 0.517132 0.032895 0.041878
19 0.074761 0.516497 0.029904 0.043147
19 0.074163 0.458122 0.043062 0.043147
19 0.075957 0.720812 0.029904 0.050761
19 0.078050 0.779822 0.036483 0.039340
19 0.027512 0.455584 0.031100 0.040609
19 0.030502 0.380711 0.032297 0.045685
19 0.030502 0.322970 0.033493 0.041878
19 0.030203 0.258249 0.038876 0.039340
19 0.076555 0.199239 0.038278 0.043147
19 0.077452 0.258249 0.034091 0.041878
19 0.073864 0.317893 0.034091 0.049492
19 0.072967 0.376269 0.037081 0.054569
3 0.052033 0.578046 0.026316 0.031726
0 0.494019 0.105964 0.220096 0.044416
0 0.508672 0.196701 0.217105 0.048223
0 0.502691 0.244289 0.229067 0.046954
7 0.508373 0.165609 0.273923 0.227157
0 0.081041 0.565355 0.018541 0.019036
0 0.081340 0.586929 0.019139 0.024112
6 0.081639 0.580584 0.023325 0.039340