0 0.059211 0.060914 0.026316 0.025381
0 0.105263 0.063452 0.044258 0.030457
0 0.176734 0.063452 0.081938 0.027919
0 0.256579 0.054569 0.052632 0.030457
0 0.328648 0.062817 0.077153 0.026650
0 0.400718 0.063452 0.059809 0.025381
22 0.979067 0.025381 0.022727 0.027919
0 0.946471 0.141497 0.017344 0.029188
0 0.946471 0.909264 0.022129 0.034264
0 0.922548 0.943528 0.022129 0.024112
0 0.213517 0.942893 0.016746 0.022843
9 0.946770 0.528553 0.021531 0.795685
9 0.580443 0.944162 0.754187 0.035533
9 0.426734 0.946066 0.402512 0.029188
9 0.946172 0.206853 0.019139 0.091371
22 0.983254 0.064086 0.011962 0.026650
32 0.947069 0.022208 0.019737 0.024112
32 0.965909 0.064721 0.015550 0.025381
7 0.137560 0.283629 0.187799 0.475888
0 0.135167 0.102157 0.177033 0.036802
0 0.134868 0.136421 0.177632 0.031726
0 0.132775 0.170685 0.174641 0.036802
0 0.134270 0.207487 0.171651 0.036802
0 0.130981 0.250000 0.165072 0.048223
0 0.132177 0.293147 0.165072 0.035533
0 0.134868 0.375635 0.170455 0.043147
0 0.132775 0.417513 0.174641 0.040609
0 0.128589 0.459391 0.167464 0.040609
0 0.128589 0.497462 0.167464 0.035533
29 0.842105 0.103426 0.034689 0.036802
31 0.803529 0.100888 0.026914 0.034264
19 0.768541 0.103426 0.028708 0.026650
19 0.732955 0.105330 0.019737 0.030457
19 0.704246 0.105964 0.022129 0.029188
19 0.678529 0.105330 0.023325 0.025381
19 0.648026 0.102792 0.022129 0.027919
19 0.619318 0.102792 0.024522 0.032995
19 0.591806 0.103426 0.026914 0.026650
19 0.521232 0.105964 0.022129 0.031726
19 0.483254 0.097716 0.021531 0.040609
19 0.456041 0.104061 0.020933 0.020305
0 0.123206 0.841371 0.022727 0.025381
5 0.073864 0.842640 0.123804 0.038071
19 0.163577 0.840102 0.032895 0.040609
19 0.164175 0.923223 0.032895 0.044416
19 0.119318 0.918782 0.031699 0.050761
19 0.075658 0.923223 0.036483 0.052030
19 0.030502 0.919416 0.033493 0.049492
19 0.029306 0.655457 0.032297 0.046954
19 0.076555 0.663071 0.035885 0.044416
19 0.119318 0.659898 0.035287 0.035533
19 0.164175 0.667513 0.032895 0.045685
19 0.165072 0.721447 0.033493 0.046954
19 0.120215 0.720812 0.037081 0.045685
19 0.074163 0.720812 0.031100 0.043147
19 0.031400 0.723985 0.029306 0.041878
19 0.030502 0.770305 0.029904 0.038071
19 0.072967 0.781726 0.033493 0.035533
19 0.116926 0.777284 0.032895 0.036802
19 0.163278 0.776015 0.029904 0.041878
3 0.052931 0.579949 0.026914 0.032995
0 0.080742 0.566624 0.019139 0.016497
0 0.081340 0.588198 0.017943 0.026650
6 0.080144 0.578046 0.025120 0.044416