20 0.477871 0.529188 0.857656 0.903553
0 0.990132 0.116117 0.014952 0.054569
0 0.988636 0.958122 0.016746 0.022843
0 0.968900 0.986675 0.022727 0.024112
0 0.326555 0.145305 0.017943 0.031726
0 0.324761 0.917513 0.014354 0.022843
0 0.293660 0.178934 0.017943 0.020305
0 0.295156 0.536802 0.014952 0.027919
0 0.295156 0.430203 0.010167 0.017766
0 0.296651 0.444797 0.013158 0.011421
0 0.294258 0.581853 0.013158 0.026650
0 0.296053 0.682741 0.014354 0.010152
0 0.282596 0.895305 0.013756 0.019036
22 0.878888 0.101523 0.020933 0.032995
32 0.821172 0.102157 0.017943 0.021574
5 0.183313 0.183376 0.245813 0.039340
5 0.215610 0.537437 0.186005 0.034264
5 0.214414 0.579315 0.186005 0.036802
34 0.184510 0.683376 0.241029 0.036802
34 0.203648 0.894670 0.180024 0.035533
9 0.990431 0.529188 0.017943 0.875635
9 0.989234 0.548223 0.017943 0.796954
9 0.325957 0.533629 0.025120 0.810914
9 0.326854 0.434645 0.018541 0.541878
6 0.296651 0.435914 0.017943 0.036802
3 0.246711 0.434645 0.089115 0.029188
4 0.068780 0.397208 0.019139 0.035533
4 0.070873 0.782995 0.020933 0.035533
4 0.070574 0.822335 0.021531 0.027919
23 0.094498 0.959391 0.022727 0.030457
29 0.067883 0.961929 0.020933 0.030457
28 0.123505 0.960660 0.018541 0.030457