19 0.023923 0.143401 0.047847 0.043147
19 0.024821 0.190990 0.046053 0.052030
19 0.025120 0.243655 0.046651 0.053299
19 0.025120 0.296320 0.046651 0.052030
19 0.025419 0.345812 0.047249 0.046954
19 0.023923 0.447335 0.045455 0.046954
19 0.023923 0.599619 0.043062 0.049492
29 0.023026 0.392766 0.035287 0.059645
29 0.026017 0.647208 0.040072 0.050761
35 0.027213 0.491751 0.046053 0.054569
35 0.022129 0.548858 0.040670 0.046954
0 0.988636 0.949873 0.019139 0.024112
0 0.967703 0.979695 0.022727 0.027919
0 0.061005 0.979061 0.019139 0.026650
9 0.515251 0.979695 0.930024 0.032995
9 0.514952 0.978426 0.795455 0.022843
29 0.131579 0.892132 0.021531 0.035533
2 0.132775 0.180838 0.021531 0.029188
2 0.131878 0.293782 0.019737 0.036802
2 0.130682 0.367386 0.020933 0.039340
2 0.132177 0.520305 0.019139 0.032995
2 0.132177 0.552030 0.020335 0.030457
2 0.132476 0.590102 0.017344 0.022843
4 0.157297 0.260152 0.020335 0.032995
4 0.157895 0.485406 0.023923 0.031726
0 0.365431 0.220178 0.019139 0.024112
0 0.366926 0.334391 0.014952 0.026650
0 0.363636 0.411168 0.015550 0.027919
0 0.363337 0.446066 0.014952 0.019036
0 0.364533 0.688452 0.017344 0.021574
0 0.363337 0.789975 0.013756 0.021574
3 0.255981 0.335660 0.209330 0.034264
3 0.702751 0.325508 0.587321 0.303299
3 0.238038 0.692259 0.227273 0.031726
5 0.322069 0.220812 0.109450 0.030457
5 0.320873 0.409264 0.104665 0.031726
5 0.319378 0.447335 0.106459 0.026650
5 0.250299 0.793782 0.247010 0.036802
4 0.133672 0.831853 0.017344 0.024112
34 0.263756 0.336294 0.221292 0.035533
34 0.250598 0.693528 0.255981 0.041878