19 0.023923 0.143401 0.047847 0.043147
19 0.024821 0.190990 0.046053 0.052030
19 0.025120 0.243655 0.046651 0.053299
19 0.025120 0.296320 0.046651 0.052030
19 0.025419 0.345812 0.047249 0.046954
19 0.023923 0.447335 0.045455 0.046954
19 0.023923 0.599619 0.043062 0.049492
29 0.023026 0.392766 0.035287 0.059645
29 0.026017 0.647208 0.040072 0.050761
35 0.027213 0.491751 0.046053 0.054569
35 0.022129 0.548858 0.040670 0.046954
0 0.967703 0.979695 0.022727 0.027919
0 0.061005 0.979061 0.019139 0.026650
9 0.515251 0.979695 0.930024 0.032995
9 0.514952 0.978426 0.795455 0.022843
29 0.067285 0.937183 0.018541 0.029188
23 0.095694 0.940990 0.023923 0.041878
0 0.359749 0.130076 0.019737 0.026650
0 0.364234 0.909898 0.011962 0.030457
9 0.360945 0.520305 0.028110 0.807107
9 0.364533 0.615482 0.020933 0.545685
0 0.333134 0.199873 0.016746 0.031726
0 0.331938 0.244289 0.015550 0.031726
0 0.330742 0.296320 0.017943 0.031726
0 0.328349 0.345178 0.015550 0.032995
19 0.077751 0.797589 0.034689 0.044416
19 0.122907 0.798858 0.038876 0.052030
19 0.167763 0.798858 0.036483 0.049492
19 0.212919 0.798858 0.034689 0.049492
4 0.135467 0.394036 0.018541 0.026650
4 0.066388 0.651015 0.015550 0.025381
4 0.066986 0.685279 0.016746 0.030457
4 0.066089 0.890228 0.019737 0.036802
3 0.224880 0.197335 0.194976 0.041878
3 0.223086 0.246193 0.193780 0.035533
3 0.224581 0.295051 0.193182 0.034264
3 0.223086 0.346447 0.192584 0.032995
15 0.243122 0.465736 0.197967 0.032995
15 0.242823 0.466371 0.015550 0.034264
15 0.243421 0.524112 0.199761 0.040609
15 0.245813 0.517766 0.021531 0.035533
15 0.239234 0.572970 0.199761 0.039340
15 0.154605 0.572335 0.013756 0.030457
19 0.165371 0.946066 0.022129 0.041878
19 0.202452 0.950508 0.036483 0.030457
34 0.230562 0.196066 0.219498 0.052030
34 0.232656 0.255711 0.218900 0.036802
34 0.232356 0.293782 0.218301 0.039340
34 0.233254 0.343909 0.216507 0.045685