0 0.989234 0.099619 0.016746 0.029188
0 0.990132 0.958122 0.017344 0.027919
0 0.968600 0.986041 0.022129 0.020305
0 0.441687 0.110406 0.016148 0.030457
0 0.442584 0.883249 0.016746 0.032995
0 0.362141 0.986041 0.029306 0.017766
0 0.411782 0.486041 0.022129 0.030457
0 0.412081 0.538071 0.014354 0.032995
0 0.412081 0.592640 0.016746 0.032995
0 0.410287 0.642766 0.015550 0.031726
2 0.147428 0.338198 0.020933 0.031726
2 0.145036 0.380076 0.022129 0.024112
2 0.148325 0.411802 0.021531 0.024112
3 0.303828 0.491117 0.190191 0.035533
3 0.306818 0.541244 0.197368 0.031726
3 0.304426 0.588198 0.193780 0.034264
3 0.302931 0.640863 0.195574 0.032995
4 0.214414 0.687183 0.019737 0.031726
19 0.246411 0.928934 0.020335 0.032995
19 0.277811 0.923858 0.028110 0.035533
19 0.047847 0.187817 0.059809 0.091371
19 0.046053 0.326142 0.063397 0.096447
19 0.047847 0.465736 0.066986 0.093909
19 0.043959 0.597716 0.053230 0.088832
22 0.893242 0.065355 0.019737 0.036802
9 0.985646 0.521574 0.022727 0.873096
9 0.987141 0.540609 0.018541 0.794416
9 0.665371 0.984137 0.642943 0.024112
9 0.464713 0.982868 0.184211 0.026650
15 0.325359 0.764594 0.203349 0.044416
15 0.319677 0.760787 0.032895 0.041878
15 0.327751 0.808376 0.200957 0.050761
15 0.327452 0.814721 0.020933 0.038071
15 0.325957 0.861675 0.215311 0.045685
15 0.241926 0.860406 0.025718 0.030457
9 0.444677 0.501269 0.023325 0.814721
9 0.443481 0.383249 0.022129 0.522843
3 0.279605 0.109772 0.297249 0.039340
32 0.838517 0.064086 0.021531 0.034264
29 0.149222 0.916878 0.022129 0.039340
23 0.175239 0.921320 0.023923 0.030457
34 0.312799 0.491117 0.215311 0.048223
34 0.316986 0.543147 0.223684 0.043147
34 0.314294 0.591371 0.217105 0.050761
34 0.312500 0.642766 0.225478 0.036802