19 0.023923 0.143401 0.047847 0.043147
19 0.024821 0.190990 0.046053 0.052030
19 0.025120 0.243655 0.046651 0.053299
19 0.025120 0.296320 0.046651 0.052030
19 0.025419 0.345812 0.047249 0.046954
19 0.023923 0.447335 0.045455 0.046954
19 0.023923 0.599619 0.043062 0.049492
19 0.155203 0.140228 0.095096 0.100254
19 0.273624 0.132614 0.096292 0.097716
19 0.388756 0.142132 0.101675 0.091371
19 0.511065 0.143401 0.092703 0.096447
19 0.621711 0.147843 0.095096 0.092640
19 0.718301 0.147208 0.078947 0.086294
19 0.834330 0.151650 0.088517 0.085025
19 0.153708 0.296320 0.127990 0.118020
19 0.272428 0.302030 0.089115 0.104061
19 0.372309 0.288706 0.091507 0.092640
19 0.475778 0.285533 0.081938 0.088832
19 0.574761 0.279188 0.082536 0.098985
19 0.673146 0.287437 0.083134 0.092640
19 0.146232 0.461294 0.089115 0.097716
19 0.253888 0.456218 0.086722 0.090102
19 0.366627 0.458122 0.087321 0.098985
19 0.499103 0.458756 0.095096 0.090102
19 0.618421 0.461929 0.098086 0.091371
19 0.130084 0.623731 0.104665 0.090102
19 0.251495 0.619289 0.103469 0.098985
19 0.368122 0.621193 0.096292 0.079949
19 0.488636 0.626904 0.101675 0.106599
19 0.580443 0.635787 0.074761 0.083756
19 0.683313 0.631345 0.080742 0.090102
19 0.123804 0.760152 0.095694 0.093909
19 0.234749 0.773477 0.086722 0.087563
19 0.336722 0.774112 0.093301 0.071066
19 0.442584 0.771574 0.089713 0.076142
19 0.567883 0.775381 0.090311 0.088832
19 0.661483 0.777919 0.076555 0.098985
19 0.133074 0.907995 0.098684 0.090102
19 0.232955 0.917513 0.081938 0.078680
19 0.337321 0.918147 0.099282 0.074873
19 0.444378 0.925127 0.089713 0.068528
19 0.556519 0.921320 0.079545 0.088832
19 0.654007 0.925761 0.091507 0.079949
20 0.852572 0.581218 0.251794 0.598985
22 0.952751 0.302665 0.020335 0.024112
3 0.854067 0.394670 0.222488 0.045685
2 0.752392 0.480964 0.022727 0.027919
2 0.752093 0.513959 0.020933 0.030457
2 0.751495 0.546954 0.022129 0.035533
2 0.754187 0.642132 0.019139 0.032995
2 0.752691 0.677665 0.022129 0.030457
2 0.752990 0.717005 0.019139 0.030457
4 0.756579 0.797589 0.029904 0.046954
29 0.895933 0.303934 0.017943 0.024112
29 0.747907 0.859137 0.025718 0.030457
29 0.023026 0.392766 0.035287 0.059645
29 0.026017 0.647208 0.040072 0.050761
23 0.776615 0.859772 0.020933 0.034264
35 0.027213 0.491751 0.046053 0.054569
35 0.022129 0.548858 0.040670 0.046954
0 0.988337 0.103426 0.016148 0.031726
0 0.988636 0.949873 0.019139 0.024112
0 0.967703 0.979695 0.022727 0.027919
0 0.061005 0.979061 0.019139 0.026650
9 0.988337 0.521574 0.018541 0.875635
9 0.987440 0.512056 0.019139 0.727157
9 0.515251 0.979695 0.930024 0.032995
9 0.514952 0.978426 0.795455 0.022843