0 0.022656 0.066892 0.043750 0.031081
0 0.066797 0.066892 0.044531 0.031081
0 0.115234 0.068243 0.053906 0.033784
0 0.175781 0.067568 0.067188 0.032432
0 0.244531 0.068243 0.070313 0.031081
0 0.304688 0.068243 0.048438 0.033784
0 0.333203 0.133784 0.025781 0.032432
0 0.333203 0.679054 0.021094 0.031081
0 0.356250 0.984459 0.021875 0.025676
0 0.988281 0.985811 0.018750 0.025676
0 0.534766 0.352027 0.097656 0.163514
0 0.720703 0.352027 0.105469 0.168919
0 0.910156 0.351351 0.126562 0.172973
0 0.042578 0.240541 0.057031 0.129730
0 0.042578 0.372973 0.066406 0.137838
0 0.120313 0.242568 0.060938 0.133784
0 0.200391 0.241892 0.060156 0.132432
0 0.280859 0.240541 0.067969 0.129730
0 0.121875 0.381757 0.076563 0.133784
0 0.205469 0.379730 0.070313 0.132432
0 0.280469 0.383108 0.064063 0.139189
0 0.042969 0.523649 0.065625 0.133784
0 0.121875 0.524324 0.073437 0.137838
0 0.204297 0.520270 0.067969 0.132432
0 0.280078 0.522973 0.060156 0.127027
9 0.333984 0.245946 0.027344 0.205405
9 0.332813 0.406757 0.031250 0.586486
29 0.030078 0.975676 0.057031 0.045946
29 0.315625 0.975000 0.059375 0.041892
19 0.086328 0.975000 0.053906 0.047297
19 0.143359 0.976351 0.058594 0.044595
19 0.201563 0.975000 0.057812 0.044595
19 0.258594 0.975676 0.054688 0.045946
9 0.568359 0.984459 0.411719 0.022973
9 0.671875 0.980405 0.651563 0.028378