19 0.023923 0.143401 0.047847 0.043147
19 0.024821 0.190990 0.046053 0.052030
19 0.025120 0.243655 0.046651 0.053299
19 0.025120 0.296320 0.046651 0.052030
19 0.025419 0.345812 0.047249 0.046954
19 0.023923 0.447335 0.045455 0.046954
19 0.023923 0.599619 0.043062 0.049492
29 0.023026 0.392766 0.035287 0.059645
29 0.026017 0.647208 0.040072 0.050761
35 0.027213 0.491751 0.046053 0.054569
35 0.022129 0.548858 0.040670 0.046954
0 0.988636 0.949873 0.019139 0.024112
0 0.967703 0.979695 0.022727 0.027919
0 0.061005 0.979061 0.019139 0.026650
9 0.515251 0.979695 0.930024 0.032995
9 0.514952 0.978426 0.795455 0.022843
0 0.988337 0.102157 0.019737 0.024112
9 0.987440 0.523477 0.022727 0.861675
9 0.988935 0.541244 0.016148 0.717005
20 0.539773 0.477157 0.858254 0.819797
0 0.435706 0.832487 0.019737 0.025381
0 0.267344 0.149746 0.287081 0.032995
0 0.401914 0.190355 0.017943 0.022843
0 0.364234 0.237310 0.094498 0.035533
0 0.267943 0.234137 0.093301 0.031726
0 0.169258 0.232868 0.092105 0.031726
0 0.401017 0.320431 0.018541 0.031726
0 0.401615 0.365482 0.019737 0.027919
0 0.401017 0.416244 0.025718 0.027919
0 0.400419 0.472716 0.024522 0.026650
3 0.292464 0.319162 0.204545 0.031726
3 0.290072 0.367386 0.202153 0.029188
3 0.288278 0.416878 0.197368 0.029188
3 0.288577 0.470178 0.195574 0.031726
4 0.198864 0.515863 0.018541 0.021574
4 0.130682 0.821066 0.016148 0.025381
9 0.433612 0.397843 0.017943 0.501269
15 0.324761 0.590102 0.181818 0.040609
15 0.322368 0.592640 0.017943 0.032995
15 0.323565 0.643401 0.181818 0.040609
15 0.322967 0.642132 0.014354 0.027919
15 0.321471 0.693528 0.181220 0.036802
15 0.245514 0.692259 0.016148 0.036802
15 0.323864 0.740482 0.181220 0.039340
15 0.282596 0.744289 0.023325 0.034264
5 0.341806 0.192893 0.141746 0.038071
19 0.265251 0.867386 0.025718 0.034264
19 0.230861 0.866751 0.023923 0.027919
22 0.935706 0.090102 0.023325 0.025381
32 0.881280 0.088198 0.028110 0.021574
23 0.158194 0.861675 0.025718 0.032995
29 0.132476 0.864848 0.016148 0.029188
0 0.434211 0.133883 0.019139 0.019036
9 0.433612 0.485406 0.021531 0.734772
34 0.304426 0.315990 0.230861 0.040609
34 0.299641 0.364848 0.227273 0.041878
34 0.297548 0.420051 0.227871 0.048223
34 0.300837 0.470178 0.229665 0.029188