0 0.988636 0.100254 0.019139 0.035533
0 0.988935 0.962563 0.017344 0.031726
0 0.973086 0.986675 0.025120 0.024112
9 0.988337 0.525381 0.020933 0.890863
9 0.988636 0.547589 0.016746 0.808376
9 0.327751 0.544416 0.021531 0.819797
9 0.328050 0.428299 0.022129 0.539340
9 0.296651 0.327411 0.022727 0.248731
9 0.294856 0.283629 0.019139 0.102792
0 0.294557 0.182741 0.016148 0.020305
0 0.295754 0.218274 0.017344 0.027919
0 0.296950 0.441624 0.019737 0.025381
0 0.297548 0.542513 0.020933 0.031726
0 0.296053 0.579315 0.016746 0.024112
0 0.294856 0.687817 0.017943 0.027919
0 0.325957 0.151650 0.017943 0.026650
0 0.328050 0.925761 0.014952 0.041878
0 0.282297 0.894670 0.017943 0.022843
5 0.186005 0.180203 0.241627 0.043147
5 0.218301 0.543147 0.187799 0.040609
5 0.215610 0.581218 0.184809 0.032995
3 0.173445 0.687817 0.220096 0.032995
3 0.193481 0.895939 0.159689 0.030457
4 0.070574 0.781726 0.020335 0.035533
4 0.069378 0.819797 0.023923 0.043147
22 0.879785 0.099619 0.026316 0.031726
32 0.818481 0.096447 0.020933 0.025381
34 0.184211 0.683376 0.239234 0.034264
34 0.203648 0.894036 0.184809 0.039340
29 0.068182 0.956853 0.022727 0.035533
23 0.096292 0.962563 0.020335 0.034264
20 0.478170 0.534264 0.859450 0.911168