19 0.043361 0.270939 0.066388 0.087563
19 0.039773 0.411168 0.060407 0.088832
19 0.041268 0.551396 0.057416 0.090102
19 0.117823 0.266497 0.061005 0.081218
19 0.123206 0.401650 0.058612 0.082487
19 0.120813 0.555203 0.069378 0.072335
19 0.202751 0.563452 0.072967 0.096447
19 0.207237 0.411802 0.061603 0.052030
19 0.203947 0.269670 0.059809 0.067259
19 0.282596 0.270305 0.075957 0.071066
19 0.276615 0.420685 0.056818 0.102792
19 0.278708 0.556472 0.065789 0.077411
19 0.404904 0.210025 0.080144 0.130711
19 0.519737 0.191624 0.095694 0.093909
19 0.627093 0.199239 0.090311 0.081218
19 0.401017 0.368655 0.073565 0.087563
19 0.508971 0.372462 0.086124 0.069797
19 0.608852 0.366117 0.081340 0.090102
19 0.256878 0.974619 0.058014 0.048223
19 0.085526 0.977792 0.059809 0.041878
0 0.026316 0.064086 0.033493 0.029188
0 0.062500 0.062817 0.030502 0.026650
0 0.113636 0.060914 0.046651 0.045685
0 0.172847 0.075508 0.050239 0.029188
0 0.242225 0.067259 0.052632 0.030457
0 0.305921 0.062817 0.030502 0.031726
0 0.331340 0.137056 0.023923 0.022843
0 0.332237 0.677030 0.020933 0.036802
0 0.989833 0.982868 0.017943 0.021574
0 0.357057 0.983503 0.020335 0.025381
0 0.961722 0.270939 0.021531 0.036802
0 0.962919 0.902284 0.019139 0.030457
0 0.849880 0.270939 0.194976 0.036802
0 0.851675 0.313452 0.194976 0.045685
0 0.850778 0.355330 0.193182 0.038071
0 0.849880 0.397208 0.196172 0.043147
0 0.851077 0.440355 0.198565 0.043147
0 0.851675 0.483503 0.197368 0.040609
0 0.850478 0.523477 0.194976 0.039340
20 0.848086 0.557741 0.265550 0.737310
30 0.735945 0.218909 0.034091 0.049492
9 0.961423 0.584391 0.020933 0.668782
9 0.960825 0.353426 0.020933 0.133249
9 0.334031 0.409898 0.025718 0.560914
9 0.331938 0.423223 0.021531 0.196701
3 0.862440 0.220812 0.217703 0.040609
29 0.027213 0.975888 0.050837 0.043147
29 0.316388 0.975254 0.056220 0.044416
35 0.200060 0.972081 0.056818 0.038071
35 0.145933 0.977157 0.061005 0.043147
9 0.669258 0.980964 0.654306 0.030457
9 0.469199 0.979695 0.200359 0.017766
22 0.971591 0.021574 0.022129 0.032995
32 0.918660 0.027284 0.034689 0.034264