19 0.044557 0.269670 0.071172 0.085025
19 0.041567 0.403553 0.059211 0.078680
19 0.037679 0.547589 0.049043 0.077411
19 0.217105 0.947970 0.017943 0.040609
19 0.252990 0.955584 0.027512 0.040609
20 0.523923 0.505711 0.800239 0.927665
0 0.312799 0.151015 0.021531 0.030457
0 0.309809 0.255711 0.017943 0.031726
0 0.312201 0.361675 0.017943 0.035533
3 0.220694 0.151015 0.165072 0.032995
3 0.223385 0.255076 0.160885 0.038071
3 0.220993 0.358503 0.166866 0.036802
4 0.144737 0.463832 0.017943 0.024112
4 0.145335 0.494289 0.015550 0.019036
4 0.145933 0.552665 0.016746 0.029188
4 0.143541 0.588832 0.017943 0.022843
4 0.144737 0.622462 0.017943 0.026650
4 0.145036 0.656091 0.013756 0.020305
4 0.144737 0.690990 0.016746 0.026650
4 0.145036 0.725254 0.017344 0.024112
4 0.146232 0.762056 0.018541 0.024112
4 0.144737 0.814721 0.019139 0.022843
4 0.145933 0.895305 0.017943 0.026650
22 0.897129 0.071701 0.019139 0.029188
29 0.148026 0.954315 0.014952 0.035533
29 0.029007 0.979695 0.025718 0.032995
34 0.229665 0.150381 0.187799 0.036802
34 0.231459 0.273477 0.187799 0.062183
34 0.230562 0.357234 0.188397 0.044416
32 0.837620 0.068528 0.023325 0.038071