19 0.023923 0.143401 0.047847 0.043147
19 0.024821 0.190990 0.046053 0.052030
19 0.025120 0.243655 0.046651 0.053299
19 0.025120 0.296320 0.046651 0.052030
19 0.025419 0.345812 0.047249 0.046954
19 0.023923 0.447335 0.045455 0.046954
19 0.023923 0.599619 0.043062 0.049492
29 0.023026 0.392766 0.035287 0.059645
29 0.026017 0.647208 0.040072 0.050761
35 0.027213 0.491751 0.046053 0.054569
35 0.022129 0.548858 0.040670 0.046954
0 0.988636 0.949873 0.019139 0.024112
0 0.967703 0.979695 0.022727 0.027919
0 0.061005 0.979061 0.019139 0.026650
9 0.515251 0.979695 0.930024 0.032995
9 0.514952 0.978426 0.795455 0.022843
0 0.988337 0.102157 0.019737 0.024112
9 0.987440 0.523477 0.022727 0.861675
9 0.988935 0.541244 0.016148 0.717005
0 0.435706 0.832487 0.019737 0.025381
19 0.265251 0.867386 0.025718 0.034264
19 0.230861 0.866751 0.023923 0.027919
22 0.935706 0.090102 0.023325 0.025381
32 0.881280 0.088198 0.028110 0.021574
23 0.158194 0.861675 0.025718 0.032995
29 0.132476 0.864848 0.016148 0.029188
0 0.434211 0.128173 0.017943 0.020305
9 0.434510 0.481599 0.019737 0.724619
9 0.434510 0.565990 0.017344 0.492386
19 0.140251 0.717005 0.035287 0.045685
19 0.186304 0.720178 0.035287 0.054569
19 0.229665 0.718274 0.035885 0.048223
19 0.273026 0.713198 0.029306 0.048223
0 0.402811 0.161802 0.020933 0.029188
0 0.403110 0.217640 0.016746 0.029188
4 0.197368 0.258249 0.019139 0.026650
4 0.130383 0.569162 0.020335 0.021574
4 0.129785 0.606599 0.023923 0.020305
15 0.325957 0.336294 0.191388 0.040609
15 0.321770 0.340102 0.014354 0.038071
15 0.325359 0.390863 0.184211 0.048223
15 0.326854 0.390228 0.014952 0.031726
15 0.323266 0.440355 0.189593 0.040609
15 0.243720 0.439721 0.011364 0.029188
15 0.325060 0.496193 0.180024 0.040609
15 0.287081 0.492386 0.011962 0.030457
4 0.129785 0.808376 0.016746 0.038071
20 0.537978 0.479061 0.861842 0.823604
3 0.289474 0.164340 0.199761 0.039340
3 0.292165 0.215736 0.205144 0.027919
34 0.301136 0.211929 0.224282 0.038071
34 0.302033 0.163071 0.228469 0.041878