29 0.112141 0.970178 0.019737 0.034264
32 0.836423 0.029188 0.013756 0.027919
19 0.023923 0.143401 0.047847 0.043147
19 0.024821 0.190990 0.046053 0.052030
19 0.025120 0.243655 0.046651 0.053299
19 0.025120 0.296320 0.046651 0.052030
19 0.025419 0.345812 0.047249 0.046954
19 0.023923 0.447335 0.045455 0.046954
19 0.023923 0.599619 0.043062 0.049492
29 0.023026 0.392766 0.035287 0.059645
29 0.026017 0.647208 0.040072 0.050761
35 0.027213 0.491751 0.046053 0.054569
35 0.022129 0.548858 0.040670 0.046954
0 0.988636 0.949873 0.019139 0.024112
0 0.967703 0.979695 0.022727 0.027919
0 0.061005 0.979061 0.019139 0.026650
22 0.888756 0.029822 0.023923 0.031726
0 0.989533 0.100888 0.016148 0.029188
0 0.346890 0.493655 0.019139 0.020305
0 0.344797 0.148477 0.020933 0.025381
0 0.356758 0.822335 0.013756 0.015228
0 0.357057 0.837563 0.013158 0.015228
0 0.354964 0.857868 0.014952 0.012690
0 0.355861 0.872462 0.013158 0.016497
0 0.356758 0.899746 0.014952 0.015228
0 0.354964 0.914975 0.018541 0.015228
9 0.988636 0.523477 0.019139 0.879442
9 0.989234 0.576777 0.015550 0.711929
5 0.233852 0.497462 0.245215 0.032995
6 0.356459 0.826142 0.020335 0.030457
6 0.355562 0.868655 0.019737 0.041878
6 0.354964 0.907995 0.019737 0.024112
4 0.117823 0.595178 0.020335 0.027919
4 0.119318 0.628807 0.017344 0.026650
4 0.109151 0.753173 0.017344 0.026650
4 0.108553 0.786802 0.018541 0.027919
3 0.323565 0.826142 0.046651 0.030457
3 0.323565 0.866751 0.041866 0.027919
3 0.322967 0.907995 0.038278 0.031726
20 0.505084 0.494289 0.833134 0.988579
3 0.224581 0.145305 0.221890 0.034264
34 0.234749 0.145305 0.244617 0.039340
21 0.234749 0.317259 0.245813 0.162437