0 0.329545 0.132614 0.015550 0.029188
0 0.334629 0.678299 0.020933 0.029188
9 0.331340 0.404188 0.021531 0.579949
9 0.332835 0.251269 0.018541 0.195431
29 0.027512 0.973985 0.044258 0.039340
29 0.313397 0.975254 0.053828 0.041878
0 0.353469 0.986041 0.019139 0.020305
0 0.985646 0.986041 0.019139 0.025381
9 0.671053 0.984137 0.651914 0.026650
9 0.480562 0.983503 0.233852 0.022843
19 0.117823 0.197335 0.064593 0.074873
19 0.200060 0.203680 0.066388 0.074873
19 0.284988 0.202411 0.048445 0.077411
19 0.285885 0.345812 0.069378 0.095178
19 0.211423 0.346447 0.058014 0.076142
19 0.126495 0.332487 0.080742 0.093909
19 0.051136 0.343909 0.053230 0.053299
19 0.039175 0.480964 0.066388 0.096447
19 0.126794 0.486675 0.061005 0.077411
19 0.199163 0.484137 0.059809 0.082487
19 0.280502 0.488579 0.055024 0.081218
19 0.283194 0.615482 0.043660 0.098985
19 0.202751 0.619289 0.058612 0.096447
19 0.125000 0.624365 0.059809 0.078680
19 0.039773 0.617386 0.066388 0.069797
19 0.256280 0.970812 0.053230 0.045685
19 0.088218 0.970812 0.058014 0.040609
22 0.756878 0.121193 0.024522 0.031726
29 0.459031 0.887690 0.019737 0.031726
29 0.695873 0.117386 0.012560 0.021574
20 0.610646 0.500635 0.343301 0.815990
19 0.534390 0.890228 0.025718 0.029188