19 0.023923 0.143401 0.047847 0.043147
19 0.024821 0.190990 0.046053 0.052030
19 0.025120 0.243655 0.046651 0.053299
19 0.025120 0.296320 0.046651 0.052030
19 0.025419 0.345812 0.047249 0.046954
19 0.023923 0.447335 0.045455 0.046954
19 0.023923 0.599619 0.043062 0.049492
29 0.023026 0.392766 0.035287 0.059645
29 0.026017 0.647208 0.040072 0.050761
35 0.027213 0.491751 0.046053 0.054569
35 0.022129 0.548858 0.040670 0.046954
0 0.988636 0.949873 0.019139 0.024112
0 0.967703 0.979695 0.022727 0.027919
0 0.061005 0.979061 0.019139 0.026650
29 0.107656 0.970812 0.021531 0.030457
32 0.831340 0.028553 0.022727 0.029188
23 0.134569 0.972716 0.025120 0.039340
20 0.502691 0.497462 0.833134 0.989848
0 0.989833 0.096447 0.017943 0.030457
0 0.347488 0.144670 0.016746 0.035533
0 0.345395 0.501269 0.017344 0.030457
0 0.355562 0.819797 0.017344 0.015228
0 0.357356 0.835025 0.013756 0.015228
0 0.355861 0.860406 0.014354 0.012690
0 0.356459 0.873731 0.013158 0.013959
0 0.356160 0.902284 0.014952 0.012690
0 0.357656 0.914340 0.011962 0.011421
22 0.890550 0.026015 0.027512 0.039340
9 0.988935 0.526015 0.020933 0.884518
9 0.987739 0.576777 0.018541 0.717005
5 0.233254 0.542513 0.244019 0.135787
21 0.233553 0.318528 0.242225 0.167513
3 0.223684 0.149746 0.223684 0.032995
6 0.353469 0.828680 0.020335 0.040609
6 0.355562 0.865482 0.022129 0.032995
6 0.354964 0.907360 0.017344 0.030457
3 0.321172 0.826777 0.033493 0.031726
3 0.326854 0.869924 0.034091 0.034264
3 0.324462 0.909264 0.038876 0.031726
34 0.231459 0.147843 0.242823 0.046954
4 0.120215 0.630711 0.019139 0.022843
4 0.109151 0.751269 0.014952 0.020305
4 0.109151 0.788706 0.018541 0.034264