19 0.023923 0.143401 0.047847 0.043147
19 0.024821 0.190990 0.046053 0.052030
19 0.025120 0.243655 0.046651 0.053299
19 0.025120 0.296320 0.046651 0.052030
19 0.025419 0.345812 0.047249 0.046954
19 0.023923 0.447335 0.045455 0.046954
19 0.023923 0.599619 0.043062 0.049492
29 0.023026 0.392766 0.035287 0.059645
29 0.026017 0.647208 0.040072 0.050761
35 0.027213 0.491751 0.046053 0.054569
35 0.022129 0.548858 0.040670 0.046954
0 0.988636 0.949873 0.019139 0.024112
0 0.967703 0.979695 0.022727 0.027919
0 0.061005 0.979061 0.019139 0.026650
9 0.515251 0.979695 0.930024 0.032995
9 0.514952 0.978426 0.795455 0.022843
0 0.988337 0.102157 0.019737 0.024112
9 0.987440 0.523477 0.022727 0.861675
9 0.988935 0.541244 0.016148 0.717005
19 0.126495 0.432107 0.096292 0.107868
19 0.232955 0.440990 0.086722 0.105330
19 0.336423 0.445431 0.089115 0.106599
19 0.447967 0.440355 0.094498 0.096447
19 0.566089 0.440355 0.086722 0.114213
19 0.132476 0.584391 0.097488 0.090102
32 0.915072 0.029822 0.025120 0.034264
22 0.971890 0.022208 0.019139 0.039340
0 0.021830 0.068528 0.024522 0.027919
0 0.067883 0.065990 0.037679 0.022843
0 0.115132 0.063452 0.037679 0.035533
0 0.173744 0.065990 0.053230 0.038071
0 0.247010 0.072970 0.066986 0.036802
0 0.306818 0.078046 0.043062 0.044416
19 0.666268 0.450508 0.077751 0.098985
19 0.785586 0.446066 0.095096 0.107868