19 0.088218 0.974619 0.059211 0.027919
29 0.029904 0.975888 0.056220 0.038071
19 0.042165 0.274746 0.059211 0.105330
19 0.041866 0.409264 0.055024 0.095178
19 0.038577 0.550127 0.044856 0.085025
23 0.168959 0.949239 0.023325 0.035533
32 0.837620 0.065990 0.022129 0.025381
34 0.229964 0.152919 0.187201 0.039340
34 0.231459 0.255076 0.181818 0.040609
34 0.230861 0.359772 0.186603 0.041878
29 0.145335 0.950508 0.014354 0.038071
19 0.219797 0.956853 0.016148 0.027919
19 0.252990 0.953680 0.021531 0.034264
22 0.895933 0.071066 0.019139 0.027919
4 0.145036 0.459391 0.014952 0.027919
4 0.144438 0.498096 0.016148 0.039340
4 0.146232 0.551396 0.017344 0.029188
4 0.143242 0.588198 0.019737 0.019036
4 0.144737 0.621827 0.016746 0.025381
4 0.145036 0.656726 0.017344 0.026650
4 0.144139 0.690355 0.017943 0.025381
4 0.144438 0.726523 0.018541 0.024112
4 0.145933 0.762056 0.017943 0.024112
4 0.145634 0.811548 0.014952 0.024112
20 0.523923 0.505711 0.799043 0.922589
4 0.144139 0.896574 0.019139 0.029188
0 0.313098 0.145939 0.018541 0.022843
0 0.312799 0.256980 0.015550 0.021574
0 0.311304 0.364848 0.014952 0.029188
3 0.222488 0.151015 0.168660 0.035533
3 0.224581 0.257614 0.162081 0.040609
3 0.220096 0.363579 0.165072 0.031726