2 0.652512 0.177030 0.022727 0.034264
2 0.652213 0.212563 0.019737 0.016497
2 0.652512 0.247462 0.020335 0.027919
2 0.652512 0.287437 0.022727 0.031726
2 0.652213 0.314086 0.017344 0.031726
2 0.653708 0.346447 0.022727 0.025381
2 0.651615 0.386421 0.024522 0.031726
2 0.652213 0.482868 0.018541 0.029188
2 0.653409 0.520305 0.018541 0.027919
2 0.651316 0.550127 0.020335 0.029188
2 0.653708 0.586929 0.017943 0.034264
2 0.653409 0.618655 0.017344 0.024112
2 0.653708 0.656726 0.020335 0.029188
2 0.654306 0.758249 0.015550 0.026650
2 0.651615 0.786168 0.022129 0.036802
2 0.651615 0.826142 0.014952 0.027919
2 0.652213 0.856599 0.014952 0.025381
22 0.838218 0.092640 0.016148 0.035533
20 0.751196 0.527919 0.244019 0.926396
4 0.638756 0.927030 0.017943 0.026650
29 0.648624 0.968909 0.018541 0.029188
19 0.723385 0.968909 0.025718 0.034264
19 0.757476 0.967640 0.026914 0.041878
29 0.788278 0.092005 0.015550 0.024112
19 0.419557 0.168147 0.090311 0.082487
19 0.510467 0.159898 0.077153 0.126904
19 0.458732 0.338198 0.111244 0.102792
19 0.434211 0.492386 0.094498 0.106599
19 0.545754 0.494924 0.066388 0.091371
19 0.433014 0.656091 0.096890 0.101523
19 0.549342 0.664340 0.086722 0.077411
19 0.039474 0.185914 0.051435 0.079949
19 0.119318 0.184645 0.059211 0.082487
19 0.200658 0.193528 0.069976 0.072335
19 0.281400 0.177665 0.073565 0.093909
19 0.282297 0.321701 0.056220 0.100254
19 0.201555 0.324239 0.058612 0.097716
19 0.120813 0.331853 0.058612 0.095178
19 0.032596 0.331218 0.056818 0.073604
19 0.034988 0.454949 0.055622 0.062183
19 0.127990 0.469543 0.070574 0.073604
19 0.204246 0.469543 0.071172 0.065990
19 0.281699 0.464467 0.065789 0.058376
19 0.040969 0.604061 0.050837 0.065990
19 0.260167 0.973350 0.055024 0.040609
19 0.088218 0.975888 0.055622 0.038071
29 0.314294 0.973350 0.053230 0.040609
29 0.025718 0.973985 0.045455 0.044416
0 0.331639 0.134518 0.023325 0.030457
0 0.331041 0.685914 0.013756 0.041878
0 0.358852 0.985406 0.023923 0.021574
0 0.988038 0.984772 0.016746 0.020305
9 0.475179 0.983503 0.194378 0.022843
9 0.332536 0.413071 0.025120 0.574873
9 0.335825 0.426396 0.024522 0.304569