19 0.025120 0.147208 0.045455 0.045685
19 0.025120 0.192259 0.045455 0.044416
19 0.023624 0.241117 0.042464 0.053299
19 0.025718 0.295051 0.039474 0.049492
19 0.026316 0.346447 0.040670 0.053299
19 0.026316 0.448604 0.039474 0.044416
19 0.026316 0.604695 0.033493 0.049492
19 0.161483 0.143401 0.069378 0.106599
19 0.155502 0.293147 0.078947 0.101523
19 0.145335 0.459391 0.095694 0.109137
19 0.139354 0.623731 0.087321 0.110406
19 0.125897 0.763325 0.085526 0.100254
19 0.125598 0.902284 0.092105 0.104061
0 0.381579 0.169416 0.015550 0.026650
0 0.378289 0.260152 0.022129 0.022843
0 0.383074 0.531091 0.017344 0.029188
0 0.989234 0.119924 0.015550 0.072335
0 0.988935 0.951142 0.014952 0.021574
0 0.967105 0.980964 0.017943 0.032995
9 0.990431 0.520305 0.016746 0.875635
9 0.989833 0.516497 0.017943 0.720812
5 0.299342 0.168782 0.181220 0.040609
5 0.302632 0.527919 0.180622 0.035533
4 0.216507 0.307107 0.014354 0.027919
4 0.218301 0.864848 0.020335 0.041878
15 0.290072 0.437817 0.162679 0.045685
15 0.247309 0.437183 0.022129 0.044416
29 0.024522 0.401015 0.043062 0.055838
29 0.024222 0.654188 0.042464 0.044416
35 0.025718 0.493655 0.043062 0.053299
35 0.025718 0.548858 0.043062 0.057107
34 0.301435 0.259518 0.183014 0.034264