19 0.023923 0.143401 0.047847 0.043147
19 0.024821 0.190990 0.046053 0.052030
19 0.025120 0.243655 0.046651 0.053299
19 0.025120 0.296320 0.046651 0.052030
19 0.025419 0.345812 0.047249 0.046954
19 0.023923 0.447335 0.045455 0.046954
19 0.023923 0.599619 0.043062 0.049492
29 0.023026 0.392766 0.035287 0.059645
29 0.026017 0.647208 0.040072 0.050761
35 0.027213 0.491751 0.046053 0.054569
35 0.022129 0.548858 0.040670 0.046954
0 0.988636 0.949873 0.019139 0.024112
0 0.967703 0.979695 0.022727 0.027919
0 0.061005 0.979061 0.019139 0.026650
9 0.515251 0.979695 0.930024 0.032995
9 0.514952 0.978426 0.795455 0.022843
0 0.988337 0.102157 0.019737 0.024112
19 0.126495 0.432107 0.096292 0.107868
19 0.232955 0.440990 0.086722 0.105330
19 0.336423 0.445431 0.089115 0.106599
19 0.447967 0.440355 0.094498 0.096447
19 0.566089 0.440355 0.086722 0.114213
19 0.132476 0.584391 0.097488 0.090102
0 0.980263 0.360406 0.020335 0.032995
0 0.980263 0.462563 0.019139 0.031726
0 0.979665 0.491751 0.014354 0.016497
0 0.980263 0.507614 0.013158 0.015228
0 0.979366 0.529188 0.014952 0.012690
0 0.979067 0.540609 0.016746 0.010152
0 0.979964 0.557741 0.011364 0.019036
0 0.980562 0.573604 0.016148 0.010152
0 0.978768 0.592005 0.016148 0.013959
0 0.979964 0.606599 0.013756 0.015228
0 0.980263 0.761421 0.016746 0.017766
0 0.980562 0.776650 0.016148 0.012690
6 0.981459 0.501269 0.019139 0.025381
6 0.980861 0.531091 0.020335 0.034264
6 0.979964 0.564086 0.018541 0.031726
6 0.979964 0.595812 0.018541 0.031726
6 0.980562 0.770939 0.019737 0.034264
3 0.913278 0.500635 0.112440 0.034264
3 0.912380 0.531091 0.110646 0.026650
3 0.912380 0.565355 0.110646 0.041878
3 0.911184 0.600254 0.108254 0.027919
3 0.913577 0.772208 0.113038 0.036802
2 0.863038 0.635152 0.022727 0.026650
2 0.864833 0.672589 0.013158 0.017766
22 0.979665 0.273477 0.015550 0.019036
4 0.713517 0.840736 0.020335 0.044416
5 0.854366 0.364848 0.276914 0.034264
5 0.926435 0.465736 0.133971 0.035533
29 0.720694 0.891497 0.015550 0.029188
29 0.926435 0.276650 0.017943 0.040609
20 0.848983 0.581853 0.300837 0.658629