0 0.967703 0.979695 0.022727 0.027919
0 0.061005 0.979061 0.019139 0.026650
9 0.515251 0.979695 0.930024 0.032995
9 0.514952 0.978426 0.795455 0.022843
29 0.049940 0.940990 0.018541 0.036802
23 0.075359 0.939721 0.020335 0.039340
34 0.162978 0.479061 0.243421 0.034264
0 0.272428 0.479061 0.014952 0.021574
0 0.273026 0.253807 0.017344 0.020305
0 0.272428 0.167513 0.013756 0.020305
5 0.162380 0.171954 0.237440 0.039340
5 0.162081 0.255076 0.244019 0.053299
15 0.180323 0.314086 0.212321 0.044416
15 0.083433 0.314086 0.020933 0.039340
15 0.180024 0.364848 0.216507 0.046954
15 0.276316 0.366751 0.013158 0.040609
3 0.153110 0.478426 0.215311 0.032995
4 0.047548 0.882614 0.020933 0.029188