20 0.580443 0.487944 0.712321 0.958122
29 0.247608 0.942893 0.021531 0.032995
29 0.031400 0.977792 0.060407 0.041878
23 0.272428 0.943528 0.022129 0.031726
23 0.905801 0.041878 0.019737 0.030457
32 0.847488 0.038071 0.020335 0.043147
19 0.043660 0.204315 0.050239 0.086294
19 0.120215 0.218274 0.057416 0.071066
19 0.199761 0.204315 0.031100 0.093909
19 0.199462 0.336294 0.028110 0.114213
19 0.126794 0.342640 0.053828 0.088832
19 0.044258 0.340736 0.061005 0.082487
19 0.043062 0.484772 0.065789 0.104061
19 0.124701 0.504442 0.068780 0.130711
19 0.263756 0.489213 0.064593 0.079949
19 0.337620 0.487310 0.063995 0.076142
19 0.405801 0.488579 0.053230 0.073604
19 0.403110 0.575508 0.061005 0.074873
19 0.336423 0.567893 0.061603 0.077411
19 0.270036 0.573604 0.065191 0.076142
3 0.358852 0.115482 0.099282 0.030457
3 0.363935 0.157360 0.101077 0.035533
4 0.427931 0.158629 0.016148 0.030457
15 0.369617 0.652284 0.138756 0.035533
15 0.399522 0.649112 0.016746 0.026650
15 0.371112 0.694162 0.128589 0.030457
15 0.323266 0.690990 0.018541 0.031726
15 0.374103 0.737944 0.129785 0.036802
15 0.325658 0.734137 0.013756 0.029188