20 0.499402 0.505711 0.996411 0.894670
0 0.968900 0.982234 0.017943 0.030457
0 0.058612 0.974619 0.011962 0.025381
9 0.514354 0.979695 0.927033 0.035533
9 0.513457 0.982234 0.790072 0.030457
0 0.187500 0.166878 0.017344 0.024112
0 0.187799 0.690990 0.016746 0.026650
5 0.139055 0.168782 0.117823 0.038071
5 0.101077 0.682741 0.199761 0.032995
2 0.007476 0.750635 0.013756 0.026650
2 0.007177 0.784898 0.011962 0.029188
4 0.007476 0.203680 0.010167 0.026650
4 0.007177 0.237944 0.014354 0.019036
22 0.985646 0.077411 0.016746 0.035533
32 0.930622 0.078680 0.019139 0.022843