19 0.023923 0.143401 0.047847 0.043147
19 0.024821 0.190990 0.046053 0.052030
19 0.025120 0.243655 0.046651 0.053299
19 0.025120 0.296320 0.046651 0.052030
19 0.025419 0.345812 0.047249 0.046954
19 0.023923 0.447335 0.045455 0.046954
19 0.023923 0.599619 0.043062 0.049492
19 0.155203 0.140228 0.095096 0.100254
19 0.273624 0.132614 0.096292 0.097716
19 0.388756 0.142132 0.101675 0.091371
19 0.511065 0.143401 0.092703 0.096447
19 0.621711 0.147843 0.095096 0.092640
19 0.718301 0.147208 0.078947 0.086294
19 0.834330 0.151650 0.088517 0.085025
19 0.153708 0.296320 0.127990 0.118020
19 0.272428 0.302030 0.089115 0.104061
19 0.372309 0.288706 0.091507 0.092640
19 0.475778 0.285533 0.081938 0.088832
19 0.574761 0.279188 0.082536 0.098985
19 0.673146 0.287437 0.083134 0.092640
19 0.146232 0.461294 0.089115 0.097716
19 0.253888 0.456218 0.086722 0.090102
19 0.366627 0.458122 0.087321 0.098985
19 0.499103 0.458756 0.095096 0.090102
19 0.618421 0.461929 0.098086 0.091371
19 0.130084 0.623731 0.104665 0.090102
19 0.251495 0.619289 0.103469 0.098985
19 0.368122 0.621193 0.096292 0.079949
19 0.488636 0.626904 0.101675 0.106599
19 0.580443 0.635787 0.074761 0.083756
19 0.683313 0.631345 0.080742 0.090102
19 0.123804 0.760152 0.095694 0.093909
19 0.234749 0.773477 0.086722 0.087563
19 0.336722 0.774112 0.093301 0.071066
19 0.442584 0.771574 0.089713 0.076142
19 0.567883 0.775381 0.090311 0.088832
19 0.661483 0.777919 0.076555 0.098985
19 0.133074 0.907995 0.098684 0.090102
19 0.232955 0.917513 0.081938 0.078680
19 0.337321 0.918147 0.099282 0.074873
19 0.444378 0.925127 0.089713 0.068528
19 0.556519 0.921320 0.079545 0.088832
19 0.654007 0.925761 0.091507 0.079949
29 0.023026 0.392766 0.035287 0.059645
29 0.026017 0.647208 0.040072 0.050761
35 0.027213 0.491751 0.046053 0.054569
35 0.022129 0.548858 0.040670 0.046954
0 0.988337 0.103426 0.016148 0.031726
0 0.988636 0.949873 0.019139 0.024112
0 0.967703 0.979695 0.022727 0.027919
0 0.061005 0.979061 0.019139 0.026650
9 0.988337 0.521574 0.018541 0.875635
9 0.987440 0.512056 0.019139 0.727157
9 0.515251 0.979695 0.930024 0.032995
9 0.514952 0.978426 0.795455 0.022843
29 0.748505 0.657995 0.024522 0.034264
29 0.895335 0.503173 0.010766 0.029188
4 0.741328 0.562183 0.019737 0.040609
22 0.950359 0.505076 0.050239 0.043147
0 0.791567 0.607868 0.111842 0.043147
0 0.911184 0.607234 0.111842 0.039340
20 0.854665 0.582487 0.254785 0.197970
19 0.784091 0.789340 0.095694 0.119289
19 0.810407 0.307741 0.102871 0.097716