35 0.022129 0.548858 0.040670 0.046954
0 0.967703 0.979695 0.022727 0.027919
0 0.061005 0.979061 0.019139 0.026650
9 0.515251 0.979695 0.930024 0.032995
9 0.514952 0.978426 0.795455 0.022843
32 0.950957 0.103426 0.022727 0.031726
29 0.058911 0.946701 0.022129 0.022843
23 0.087022 0.950508 0.019737 0.035533
0 0.231459 0.196066 0.016746 0.036802
0 0.232057 0.282995 0.013158 0.032995
0 0.231758 0.410533 0.018541 0.024112
0 0.232356 0.428299 0.017344 0.011421
0 0.229665 0.595178 0.015550 0.015228
0 0.230861 0.609137 0.013158 0.012690
0 0.230562 0.633249 0.014952 0.015228
0 0.228768 0.646574 0.018541 0.011421
3 0.137560 0.279822 0.169856 0.034264
3 0.188397 0.421320 0.065789 0.027919
3 0.191687 0.603426 0.059211 0.036802
3 0.188696 0.640228 0.056818 0.034264
6 0.228469 0.416878 0.017943 0.029188
6 0.228170 0.602792 0.020933 0.040609
6 0.228170 0.645305 0.023325 0.039340
5 0.145036 0.194162 0.186005 0.040609
2 0.060108 0.380711 0.022129 0.022843
2 0.061005 0.420051 0.019139 0.027919
2 0.059809 0.564086 0.015550 0.026650
2 0.060407 0.600888 0.017943 0.024112
2 0.059809 0.640863 0.021531 0.027919
4 0.060108 0.459391 0.019737 0.022843
15 0.149522 0.744289 0.199761 0.029188
15 0.175837 0.743655 0.020335 0.038071