32 0.877990 0.248096 0.026316 0.036802
29 0.044557 0.814086 0.012560 0.036802
19 0.023923 0.143401 0.047847 0.043147
0 0.988636 0.949873 0.019139 0.024112
0 0.967703 0.979695 0.022727 0.027919
0 0.061005 0.979061 0.019139 0.026650
9 0.515251 0.979695 0.930024 0.032995
9 0.514952 0.978426 0.795455 0.022843
20 0.491627 0.534898 0.938995 0.628173
22 0.933313 0.247462 0.023325 0.035533
0 0.989833 0.104061 0.016746 0.025381
0 0.939294 0.311548 0.019737 0.021574
9 0.988038 0.522208 0.020335 0.874365
0 0.836124 0.752538 0.223684 0.032995
0 0.605562 0.754442 0.219498 0.029188
0 0.375897 0.757614 0.218301 0.035533
4 0.042763 0.712563 0.022129 0.021574
4 0.142045 0.710660 0.016148 0.025381
4 0.045156 0.755076 0.018541 0.030457
5 0.862739 0.344543 0.172847 0.097716
9 0.987141 0.567893 0.016148 0.717005