19 0.039474 0.185914 0.051435 0.079949
19 0.119318 0.184645 0.059211 0.082487
19 0.200658 0.193528 0.069976 0.072335
19 0.201555 0.324239 0.058612 0.097716
19 0.120813 0.331853 0.058612 0.095178
19 0.032596 0.331218 0.056818 0.073604
19 0.034988 0.454949 0.055622 0.062183
19 0.127990 0.469543 0.070574 0.073604
19 0.204246 0.469543 0.071172 0.065990
19 0.040969 0.604061 0.050837 0.065990
19 0.088218 0.975888 0.055622 0.038071
29 0.025718 0.973985 0.045455 0.044416
0 0.989533 0.105330 0.017344 0.032995
0 0.989533 0.955584 0.014952 0.020305
0 0.968002 0.986041 0.016148 0.015228
9 0.987739 0.525381 0.023325 0.890863
9 0.989533 0.545685 0.019737 0.796954
20 0.569677 0.521574 0.561603 0.908629
22 0.819677 0.093909 0.020933 0.043147
32 0.767943 0.100254 0.020335 0.040609
3 0.383373 0.149746 0.173445 0.030457
3 0.607057 0.151650 0.177033 0.036802
0 0.701555 0.150381 0.022727 0.029188
0 0.480263 0.150381 0.015550 0.029188
34 0.613337 0.147843 0.193182 0.019036
34 0.393541 0.152284 0.194976 0.043147
29 0.307715 0.953046 0.026914 0.030457
23 0.334629 0.954315 0.025718 0.027919