3 0.748804 0.168782 0.314593 0.030457
3 0.747608 0.396574 0.316986 0.232234
0 0.896531 0.213198 0.019139 0.025381
0 0.878289 0.882614 0.089115 0.034264
0 0.166866 0.881345 0.098086 0.034264
0 0.269438 0.883883 0.092703 0.031726
22 0.905203 0.067893 0.017344 0.026650
32 0.849282 0.072970 0.026316 0.031726
4 0.595395 0.255076 0.014952 0.025381
5 0.748804 0.216371 0.316986 0.041878
20 0.520036 0.500635 0.824761 0.897208
19 0.044856 0.181472 0.063397 0.101523
19 0.039773 0.325508 0.056818 0.095178
19 0.042464 0.461929 0.050239 0.086294
19 0.041268 0.600254 0.057416 0.073604
29 0.128589 0.933376 0.023923 0.031726
29 0.316986 0.973985 0.056220 0.046954
29 0.031699 0.973985 0.056220 0.044416
19 0.205144 0.923223 0.025120 0.026650
19 0.237440 0.927665 0.027512 0.025381