19 0.043361 0.270939 0.066388 0.087563
19 0.039773 0.411168 0.060407 0.088832
19 0.041268 0.551396 0.057416 0.090102
19 0.117823 0.266497 0.061005 0.081218
19 0.123206 0.401650 0.058612 0.082487
19 0.120813 0.555203 0.069378 0.072335
19 0.202751 0.563452 0.072967 0.096447
19 0.207237 0.411802 0.061603 0.052030
19 0.203947 0.269670 0.059809 0.067259
19 0.282596 0.270305 0.075957 0.071066
19 0.276615 0.420685 0.056818 0.102792
19 0.278708 0.556472 0.065789 0.077411
19 0.404904 0.210025 0.080144 0.130711
19 0.519737 0.191624 0.095694 0.093909
19 0.627093 0.199239 0.090311 0.081218
19 0.256878 0.974619 0.058014 0.048223
19 0.085526 0.977792 0.059809 0.041878
0 0.331340 0.137056 0.023923 0.022843
0 0.332237 0.677030 0.020933 0.036802
0 0.989833 0.982868 0.017943 0.021574
0 0.357057 0.983503 0.020335 0.025381
9 0.334031 0.409898 0.025718 0.560914
9 0.331938 0.423223 0.021531 0.196701
29 0.027213 0.975888 0.050837 0.043147
29 0.316388 0.975254 0.056220 0.044416
35 0.200060 0.972081 0.056818 0.038071
35 0.145933 0.977157 0.061005 0.043147
9 0.669258 0.980964 0.654306 0.030457
9 0.469199 0.979695 0.200359 0.017766
29 0.667464 0.359772 0.034689 0.039340
29 0.381878 0.743655 0.020933 0.038071
0 0.483553 0.629442 0.014952 0.030457
0 0.659390 0.628173 0.018541 0.032995
4 0.376196 0.699873 0.020335 0.036802
22 0.714414 0.357234 0.017344 0.036802
20 0.552333 0.552665 0.383373 0.442893
2 0.386364 0.440990 0.021531 0.024112
2 0.386663 0.484137 0.023325 0.031726
2 0.386364 0.521574 0.016746 0.030457
3 0.435407 0.623731 0.076555 0.031726
3 0.610347 0.622462 0.077153 0.036802
19 0.923146 0.361675 0.091507 0.106599
19 0.928529 0.212563 0.090311 0.105330
19 0.828349 0.208756 0.104067 0.082487
19 0.726077 0.213198 0.074163 0.091371
19 0.453349 0.744924 0.020335 0.025381
19 0.488337 0.744924 0.023325 0.027919
34 0.445873 0.623731 0.102273 0.041878
34 0.619916 0.653553 0.096292 0.101523