19 0.023923 0.143401 0.047847 0.043147
19 0.024821 0.190990 0.046053 0.052030
19 0.025120 0.243655 0.046651 0.053299
19 0.025120 0.296320 0.046651 0.052030
19 0.025419 0.345812 0.047249 0.046954
19 0.023923 0.447335 0.045455 0.046954
19 0.023923 0.599619 0.043062 0.049492
29 0.023026 0.392766 0.035287 0.059645
29 0.026017 0.647208 0.040072 0.050761
35 0.027213 0.491751 0.046053 0.054569
35 0.022129 0.548858 0.040670 0.046954
0 0.988636 0.949873 0.019139 0.024112
0 0.967703 0.979695 0.022727 0.027919
0 0.061005 0.979061 0.019139 0.026650
9 0.515251 0.979695 0.930024 0.032995
9 0.514952 0.978426 0.795455 0.022843
0 0.988337 0.102157 0.019737 0.024112
19 0.126495 0.432107 0.096292 0.107868
19 0.232955 0.440990 0.086722 0.105330
19 0.336423 0.445431 0.089115 0.106599
19 0.447967 0.440355 0.094498 0.096447
19 0.566089 0.440355 0.086722 0.114213
20 0.853768 0.581853 0.268541 0.549492
22 0.959928 0.332487 0.057416 0.040609
0 0.867225 0.407360 0.014354 0.012690
0 0.867823 0.423858 0.015550 0.020305
0 0.866926 0.444797 0.014952 0.013959
0 0.866926 0.459391 0.014952 0.015228
0 0.963816 0.445431 0.024522 0.020305
0 0.966208 0.461929 0.020933 0.010152
0 0.964414 0.646574 0.013756 0.016497
2 0.740431 0.411168 0.022727 0.032995
2 0.742225 0.449873 0.019139 0.034264
4 0.740132 0.555838 0.016148 0.032995
4 0.730263 0.786168 0.016746 0.039340
3 0.834330 0.414340 0.059809 0.034264
3 0.830144 0.448604 0.050239 0.036802
3 0.926136 0.451777 0.055622 0.038071
3 0.916866 0.692893 0.071770 0.038071
3 0.916268 0.727157 0.074163 0.035533
5 0.853469 0.650381 0.239234 0.041878
6 0.963218 0.449873 0.019737 0.036802
6 0.866926 0.410533 0.024522 0.036802
6 0.866029 0.453680 0.021531 0.029188
29 0.902512 0.330584 0.016746 0.034264
29 0.739833 0.835660 0.017943 0.034264