22 0.869318 0.119289 0.032895 0.032995
29 0.813098 0.111041 0.023325 0.029188
29 0.461722 0.650381 0.021531 0.036802
19 0.534689 0.656726 0.022727 0.044416
22 0.587022 0.655457 0.032895 0.041878
20 0.667165 0.390228 0.458732 0.590102
0 0.867823 0.512056 0.021531 0.026650
5 0.669258 0.512690 0.424641 0.040609
4 0.465311 0.549492 0.020335 0.027919
4 0.465311 0.583756 0.021531 0.025381
0 0.330443 0.135152 0.019737 0.029188
0 0.335825 0.680203 0.017344 0.032995
9 0.332835 0.407995 0.026914 0.577411
9 0.331938 0.248731 0.021531 0.190355
19 0.045156 0.220178 0.048445 0.069797
19 0.041268 0.359137 0.058612 0.083756
19 0.035885 0.491751 0.065789 0.102792
19 0.118720 0.362310 0.079545 0.087563
19 0.122309 0.222716 0.050837 0.082487
19 0.199462 0.222081 0.047249 0.083756
19 0.276316 0.223350 0.053828 0.071066
19 0.275120 0.353426 0.066986 0.079949
19 0.279605 0.482234 0.050837 0.124365
19 0.280203 0.621827 0.050837 0.096447
19 0.199761 0.500000 0.052632 0.060914
19 0.198864 0.356599 0.050837 0.096447
19 0.031998 0.973350 0.060407 0.043147
19 0.259868 0.973985 0.061603 0.044416
19 0.316687 0.975254 0.058014 0.046954
19 0.092105 0.973985 0.050239 0.044416