19 0.041268 0.631980 0.050239 0.071066
19 0.121711 0.634518 0.065191 0.086294
19 0.199163 0.631345 0.061005 0.092640
19 0.281998 0.635152 0.055622 0.087563
19 0.088218 0.974619 0.059211 0.027919
19 0.261065 0.973985 0.048445 0.041878
0 0.021830 0.068528 0.042464 0.038071
0 0.064593 0.066624 0.040670 0.041878
0 0.114833 0.067893 0.043062 0.041878
0 0.175837 0.064721 0.055024 0.040609
0 0.243122 0.065990 0.072368 0.030457
0 0.307715 0.066624 0.047249 0.036802
32 0.909390 0.022208 0.028110 0.026650
29 0.316089 0.974619 0.055622 0.043147
29 0.029904 0.975888 0.056220 0.038071
0 0.333732 0.675761 0.020335 0.026650
22 0.970694 0.021574 0.028708 0.027919
35 0.149522 0.974619 0.057416 0.043147
35 0.206340 0.974619 0.051435 0.045685
0 0.154306 0.107234 0.305024 0.036802
0 0.158194 0.144670 0.297249 0.038071
0 0.161483 0.181472 0.303828 0.035533
0 0.168959 0.219543 0.316388 0.045685
0 0.165072 0.257614 0.324163 0.030457
0 0.162380 0.291244 0.318780 0.036802
0 0.172249 0.328046 0.299043 0.036802
0 0.159988 0.369289 0.273325 0.043147
0 0.162380 0.416878 0.272129 0.039340
0 0.164474 0.460025 0.267943 0.046954
0 0.168959 0.503173 0.278110 0.039340
0 0.468301 0.266497 0.246411 0.040609
0 0.468301 0.305203 0.246411 0.036802
7 0.163876 0.291878 0.326555 0.474619
8 0.450658 0.280457 0.310407 0.083756