19 0.024222 0.144670 0.043660 0.050761
19 0.023923 0.194162 0.044258 0.048223
19 0.024821 0.243020 0.042464 0.049492
19 0.023624 0.295685 0.044856 0.055838
19 0.024222 0.348350 0.046053 0.049492
19 0.024821 0.446066 0.044856 0.044416
19 0.026914 0.602792 0.034689 0.045685
19 0.840311 0.151015 0.074163 0.101523
35 0.024821 0.497462 0.046053 0.053299
35 0.025718 0.550761 0.044258 0.053299
29 0.026017 0.396574 0.042464 0.049492
29 0.023325 0.653553 0.038278 0.048223
29 0.140550 0.906726 0.022727 0.034264
23 0.168062 0.912437 0.027512 0.035533
0 0.321172 0.289340 0.016746 0.027919
0 0.322967 0.328046 0.015550 0.026650
0 0.234749 0.576142 0.213517 0.035533
0 0.060108 0.984772 0.018541 0.025381
0 0.991029 0.102157 0.015550 0.036802
0 0.989533 0.968274 0.014952 0.043147
0 0.978469 0.985406 0.037081 0.016497
9 0.989234 0.531091 0.019139 0.899746
9 0.989533 0.511421 0.019737 0.718274
9 0.515550 0.982868 0.934211 0.029188
9 0.514952 0.984137 0.793062 0.026650
4 0.143541 0.472716 0.020335 0.026650
4 0.144139 0.505711 0.020335 0.036802
34 0.273026 0.284264 0.119019 0.032995
20 0.462620 0.489848 0.678828 0.885787
22 0.773026 0.070431 0.023325 0.031726
32 0.714713 0.067259 0.020335 0.027919
5 0.271830 0.366117 0.117823 0.107868
0 0.269737 0.359137 0.106459 0.020305
0 0.270036 0.380076 0.107057 0.024112
0 0.271232 0.404822 0.109450 0.025381