19 0.023923 0.143401 0.047847 0.043147
19 0.024821 0.190990 0.046053 0.052030
19 0.025120 0.243655 0.046651 0.053299
19 0.025120 0.296320 0.046651 0.052030
19 0.025419 0.345812 0.047249 0.046954
19 0.023923 0.447335 0.045455 0.046954
19 0.023923 0.599619 0.043062 0.049492
29 0.023026 0.392766 0.035287 0.059645
29 0.026017 0.647208 0.040072 0.050761
35 0.027213 0.491751 0.046053 0.054569
35 0.022129 0.548858 0.040670 0.046954
0 0.988636 0.949873 0.019139 0.024112
0 0.967703 0.979695 0.022727 0.027919
0 0.061005 0.979061 0.019139 0.026650
9 0.515251 0.979695 0.930024 0.032995
9 0.514952 0.978426 0.795455 0.022843
32 0.926435 0.187183 0.027512 0.031726
29 0.279904 0.920685 0.015550 0.029188
23 0.307416 0.925127 0.029904 0.040609
0 0.471890 0.264594 0.020335 0.026650
0 0.473086 0.387690 0.019139 0.031726
0 0.473086 0.531091 0.017943 0.024112
4 0.279904 0.569797 0.021531 0.030457
4 0.280203 0.605330 0.019737 0.025381
0 0.378589 0.429569 0.208134 0.034264
3 0.368421 0.531091 0.191388 0.029188
5 0.378289 0.293782 0.212321 0.074873
5 0.376196 0.385787 0.209330 0.030457
22 0.986244 0.187183 0.015550 0.029188
19 0.133074 0.434010 0.092703 0.101523
19 0.130084 0.582487 0.095096 0.098985
34 0.378589 0.529822 0.208134 0.034264
20 0.628589 0.553934 0.738038 0.780457
0 0.988636 0.100888 0.016746 0.036802