19 0.026316 0.144036 0.044258 0.049492
19 0.026615 0.194797 0.044856 0.036802
19 0.028110 0.239848 0.041866 0.053299
19 0.026316 0.292513 0.039474 0.049492
19 0.026017 0.342005 0.041268 0.049492
19 0.026316 0.442893 0.040670 0.048223
19 0.023923 0.600888 0.043062 0.049492
19 0.161184 0.142132 0.091507 0.088832
19 0.277213 0.139594 0.091507 0.091371
19 0.394139 0.143401 0.089713 0.088832
19 0.155203 0.301396 0.086722 0.105330
19 0.272727 0.307107 0.093301 0.109137
19 0.366926 0.293782 0.086722 0.087563
19 0.145634 0.463198 0.097488 0.101523
19 0.250897 0.462563 0.089115 0.097716
19 0.373804 0.464467 0.094498 0.096447
19 0.366328 0.620558 0.095096 0.096447
19 0.249402 0.616751 0.083732 0.101523
19 0.136065 0.619289 0.092703 0.088832
19 0.125897 0.757614 0.103469 0.093909
19 0.233254 0.763959 0.088517 0.078680
19 0.334629 0.771574 0.077153 0.088832
19 0.445275 0.774112 0.090311 0.104061
19 0.125000 0.906091 0.096890 0.088832
19 0.233254 0.911168 0.090909 0.086294
19 0.332835 0.911802 0.089115 0.095178
19 0.441986 0.919416 0.094498 0.072335
9 0.990132 0.528553 0.018541 0.887056
9 0.987739 0.508249 0.014952 0.727157
9 0.523325 0.980964 0.948565 0.027919
9 0.515849 0.981599 0.792464 0.024112
35 0.026017 0.498096 0.042464 0.046954
35 0.025718 0.548223 0.043062 0.053299
29 0.025419 0.394036 0.032895 0.046954
29 0.025419 0.652284 0.038876 0.038071
29 0.526316 0.905457 0.019139 0.036802
29 0.760467 0.147843 0.016148 0.034264
23 0.555622 0.904188 0.020335 0.031726
0 0.818780 0.456853 0.020335 0.025381
0 0.820275 0.497462 0.014952 0.015228
0 0.820275 0.511421 0.014952 0.012690
0 0.819378 0.600254 0.021531 0.012690
0 0.819079 0.611675 0.022129 0.010152
0 0.818481 0.637690 0.017344 0.011421
0 0.819079 0.650381 0.016148 0.013959
6 0.820275 0.506345 0.017344 0.030457
6 0.819976 0.606599 0.022727 0.027919
6 0.819677 0.643401 0.022129 0.032995
4 0.531998 0.697970 0.017344 0.030457
4 0.534091 0.752538 0.016746 0.035533
22 0.819677 0.154822 0.014952 0.027919
0 0.990730 0.107234 0.012560 0.031726
0 0.990431 0.949873 0.013158 0.026650
0 0.976077 0.980330 0.027512 0.021574
0 0.061304 0.977792 0.016148 0.029188
3 0.678230 0.239213 0.306220 0.039340
3 0.770634 0.505076 0.087919 0.038071
3 0.769438 0.605964 0.081938 0.036802
3 0.768541 0.645305 0.078947 0.031726
2 0.532596 0.322970 0.020933 0.031726
2 0.531998 0.358503 0.022129 0.039340
2 0.659689 0.324239 0.020335 0.026650
2 0.659988 0.365482 0.019737 0.022843
5 0.754187 0.465736 0.149522 0.038071
4 0.535287 0.843909 0.026316 0.038071
20 0.677632 0.526015 0.340909 0.795685