19 0.039474 0.185914 0.051435 0.079949
19 0.119318 0.184645 0.059211 0.082487
19 0.120813 0.331853 0.058612 0.095178
19 0.032596 0.331218 0.056818 0.073604
19 0.034988 0.454949 0.055622 0.062183
19 0.127990 0.469543 0.070574 0.073604
19 0.040969 0.604061 0.050837 0.065990
19 0.088218 0.975888 0.055622 0.038071
29 0.025718 0.973985 0.045455 0.044416
0 0.988038 0.984772 0.016746 0.020305
22 0.773624 0.060279 0.053230 0.041878
20 0.500598 0.508883 0.610048 0.939086
32 0.715909 0.058376 0.023923 0.030457
29 0.215610 0.960025 0.020933 0.024112
23 0.244916 0.961929 0.025718 0.027919
15 0.390251 0.532360 0.249402 0.036802
15 0.470993 0.531091 0.019737 0.031726
0 0.516148 0.569797 0.020335 0.030457
0 0.518242 0.717640 0.024522 0.034264
4 0.216208 0.751904 0.016148 0.029188
4 0.215311 0.788071 0.023923 0.025381
4 0.216208 0.823604 0.017344 0.015228
4 0.216507 0.906091 0.016746 0.020305
5 0.448565 0.574239 0.154306 0.041878
3 0.419557 0.718274 0.168062 0.035533