19 0.047548 0.219543 0.055622 0.083756
19 0.134270 0.213832 0.060407 0.059645
19 0.205144 0.219543 0.052632 0.081218
19 0.201555 0.366751 0.049043 0.101523
19 0.199163 0.503807 0.059809 0.091371
19 0.123206 0.496827 0.062201 0.072335
19 0.123804 0.355964 0.063397 0.097716
19 0.044557 0.352157 0.062799 0.087563
19 0.041268 0.494924 0.062201 0.083756
32 0.901316 0.046954 0.022727 0.040609
22 0.961124 0.049492 0.019139 0.027919
0 0.970395 0.151650 0.018541 0.029188
0 0.933911 0.107868 0.086722 0.035533
0 0.716806 0.862944 0.089115 0.035533
0 0.347189 0.859137 0.199163 0.032995
20 0.614234 0.477792 0.752392 0.904822
2 0.253289 0.105964 0.020933 0.036802
2 0.252691 0.144036 0.019737 0.031726
14 0.613337 0.635787 0.712321 0.342640
3 0.339713 0.526650 0.126794 0.040609
3 0.340311 0.578046 0.127990 0.044416
3 0.338517 0.625000 0.124402 0.049492
3 0.337022 0.673223 0.127392 0.046954
29 0.261364 0.909898 0.020335 0.035533
0 0.837620 0.111041 0.092703 0.031726
0 0.770933 0.106599 0.027512 0.030457
5 0.549940 0.112944 0.481459 0.035533