22 0.973385 0.027284 0.022129 0.046954
32 0.917165 0.024112 0.025718 0.043147
0 0.018840 0.069162 0.032895 0.034264
0 0.067584 0.069162 0.039474 0.031726
0 0.117524 0.066624 0.046053 0.031726
0 0.174342 0.071066 0.058014 0.035533
0 0.241328 0.069162 0.063995 0.036802
0 0.300837 0.066624 0.039474 0.026650
0 0.332237 0.679569 0.018541 0.021574
19 0.120215 0.215736 0.047847 0.083756
19 0.283194 0.359137 0.047249 0.091371
19 0.121112 0.372462 0.062799 0.123096
19 0.044258 0.378173 0.059809 0.124365
19 0.043062 0.522843 0.057416 0.111675
19 0.120215 0.522843 0.063397 0.116751
19 0.203349 0.518401 0.069378 0.115482
19 0.278409 0.520305 0.058014 0.096447
19 0.278409 0.638325 0.053230 0.091371
19 0.196770 0.631345 0.059809 0.092640
19 0.122907 0.635787 0.066388 0.093909
19 0.045455 0.641497 0.065789 0.077411
19 0.259868 0.973985 0.058014 0.041878
35 0.144139 0.975254 0.056220 0.041878
35 0.201555 0.972716 0.057416 0.041878
29 0.026316 0.972716 0.044258 0.039340
29 0.203947 0.357868 0.047847 0.083756
28 0.047847 0.224619 0.057416 0.093909
19 0.085526 0.974619 0.047847 0.048223
29 0.316089 0.975254 0.053230 0.036802
7 0.252392 0.163706 0.222488 0.220812