4 0.638756 0.927030 0.017943 0.026650
19 0.419557 0.168147 0.090311 0.082487
19 0.510467 0.159898 0.077153 0.126904
19 0.039474 0.185914 0.051435 0.079949
19 0.119318 0.184645 0.059211 0.082487
19 0.200658 0.193528 0.069976 0.072335
19 0.281400 0.177665 0.073565 0.093909
19 0.282297 0.321701 0.056220 0.100254
19 0.201555 0.324239 0.058612 0.097716
19 0.120813 0.331853 0.058612 0.095178
19 0.032596 0.331218 0.056818 0.073604
19 0.034988 0.454949 0.055622 0.062183
19 0.127990 0.469543 0.070574 0.073604
19 0.204246 0.469543 0.071172 0.065990
19 0.281699 0.464467 0.065789 0.058376
19 0.040969 0.604061 0.050837 0.065990
19 0.260167 0.973350 0.055024 0.040609
19 0.088218 0.975888 0.055622 0.038071
29 0.314294 0.973350 0.053230 0.040609
29 0.025718 0.973985 0.045455 0.044416
0 0.331639 0.134518 0.023325 0.030457
0 0.331041 0.685914 0.013756 0.041878
0 0.358852 0.985406 0.023923 0.021574
0 0.988038 0.984772 0.016746 0.020305
9 0.475179 0.983503 0.194378 0.022843
9 0.332536 0.413071 0.025120 0.574873
9 0.335825 0.426396 0.024522 0.304569
9 0.671950 0.982234 0.650120 0.032995
0 0.770933 0.768401 0.217703 0.039340
22 0.864234 0.281726 0.017943 0.043147
0 0.863935 0.347081 0.012560 0.021574
32 0.809510 0.284264 0.019737 0.040609
29 0.367524 0.815355 0.016148 0.031726
20 0.619318 0.544416 0.543660 0.576142
3 0.428230 0.444162 0.089713 0.032995
3 0.429127 0.480964 0.083134 0.030457
3 0.639354 0.442259 0.322967 0.031726
3 0.639653 0.484137 0.321172 0.036802
3 0.693481 0.602792 0.358254 0.032995
3 0.655801 0.349619 0.404904 0.039340
4 0.373206 0.665609 0.017943 0.026650
4 0.372010 0.700508 0.017943 0.027919