19 0.023923 0.140863 0.044258 0.040609
19 0.024821 0.188452 0.042464 0.054569
19 0.023624 0.243655 0.040072 0.055838
19 0.024222 0.297589 0.038876 0.052030
19 0.022727 0.346447 0.035885 0.045685
19 0.022129 0.605330 0.038278 0.048223
0 0.989234 0.101523 0.020335 0.030457
0 0.991029 0.949873 0.016746 0.029188
0 0.970096 0.982868 0.021531 0.026650
0 0.060706 0.981599 0.019737 0.021574
0 0.407297 0.242386 0.019139 0.032995
0 0.407596 0.504442 0.018541 0.013959
0 0.407895 0.519036 0.017943 0.015228
0 0.406699 0.548223 0.016746 0.032995
2 0.198565 0.338832 0.022727 0.030457
2 0.199163 0.377538 0.016746 0.031726
2 0.197667 0.472716 0.019737 0.031726
2 0.198266 0.510152 0.020933 0.027919
3 0.372309 0.510787 0.055622 0.036802
3 0.293361 0.244289 0.206340 0.034264
6 0.408493 0.511421 0.020335 0.032995
22 0.917763 0.160533 0.019737 0.034264
9 0.989833 0.527284 0.019139 0.874365
9 0.988636 0.506345 0.016746 0.720812
9 0.514055 0.977792 0.931220 0.034264
9 0.514653 0.979695 0.792464 0.022843
35 0.024222 0.493655 0.044856 0.053299
35 0.024222 0.548223 0.044856 0.055838
34 0.304426 0.243655 0.226077 0.040609
29 0.022129 0.396574 0.040670 0.052030
29 0.020335 0.656091 0.039474 0.048223
29 0.194976 0.854695 0.020335 0.034264
23 0.223983 0.851523 0.022129 0.027919
31 0.277512 0.849619 0.026316 0.026650
19 0.140550 0.473985 0.074163 0.105330
19 0.132476 0.621827 0.090311 0.119289
19 0.122010 0.756980 0.092105 0.110406
19 0.130383 0.908629 0.087321 0.093909
19 0.145335 0.281726 0.061005 0.109137
19 0.442883 0.930203 0.083134 0.081218
19 0.337022 0.921320 0.079545 0.078680
19 0.234749 0.921320 0.084330 0.083756
19 0.557416 0.922589 0.099282 0.091371
19 0.659689 0.917513 0.092105 0.096447
20 0.560407 0.508249 0.767943 0.744924
32 0.860048 0.158629 0.020335 0.030457
5 0.341208 0.604695 0.157297 0.143401
0 0.339713 0.578680 0.149522 0.027919
0 0.339115 0.602157 0.150718 0.019036
0 0.339713 0.625000 0.151914 0.026650
0 0.340610 0.647208 0.150120 0.017766
0 0.334629 0.665609 0.134569 0.021574