19 0.041866 0.359137 0.055024 0.081218
19 0.122309 0.365482 0.069976 0.088832
19 0.129187 0.229061 0.065789 0.079949
19 0.277512 0.354061 0.075359 0.104061
19 0.283493 0.480964 0.057416 0.121827
19 0.200060 0.497462 0.062799 0.078680
19 0.120514 0.520305 0.075957 0.091371
19 0.044258 0.525381 0.062201 0.121827
19 0.041268 0.631980 0.050239 0.071066
19 0.121711 0.634518 0.065191 0.086294
19 0.199163 0.631345 0.061005 0.092640
19 0.281998 0.635152 0.055622 0.087563
19 0.088218 0.974619 0.059211 0.027919
19 0.261065 0.973985 0.048445 0.041878
0 0.021830 0.068528 0.042464 0.038071
0 0.064593 0.066624 0.040670 0.041878
0 0.114833 0.067893 0.043062 0.041878
0 0.175837 0.064721 0.055024 0.040609
0 0.243122 0.065990 0.072368 0.030457
0 0.307715 0.066624 0.047249 0.036802
0 0.311603 0.098985 0.208134 0.035533
0 0.318182 0.138325 0.194976 0.043147
0 0.308313 0.178934 0.175239 0.038071
7 0.320574 0.125635 0.235646 0.152284
28 0.039773 0.219543 0.048445 0.073604
32 0.909390 0.022208 0.028110 0.026650
29 0.316089 0.974619 0.055622 0.043147
29 0.029904 0.975888 0.056220 0.038071
29 0.197967 0.359137 0.047847 0.083756
0 0.333732 0.675761 0.020335 0.026650
22 0.970694 0.021574 0.028708 0.027919
35 0.149522 0.974619 0.057416 0.043147
35 0.206340 0.974619 0.051435 0.045685