20 0.477871 0.529188 0.857656 0.903553
0 0.990132 0.116117 0.014952 0.054569
0 0.988636 0.958122 0.016746 0.022843
0 0.968900 0.986675 0.022727 0.024112
0 0.326555 0.145305 0.017943 0.031726
0 0.324761 0.917513 0.014354 0.022843
22 0.878888 0.101523 0.020933 0.032995
32 0.821172 0.102157 0.017943 0.021574
9 0.990431 0.529188 0.017943 0.875635
9 0.989234 0.548223 0.017943 0.796954
9 0.325957 0.533629 0.025120 0.810914
0 0.298146 0.235406 0.020933 0.024112
0 0.296651 0.275381 0.015550 0.030457
0 0.294258 0.380711 0.021531 0.027919
0 0.283792 0.592640 0.017344 0.022843
0 0.282895 0.636421 0.017943 0.026650
4 0.068780 0.478426 0.016746 0.027919
4 0.070275 0.513325 0.018541 0.034264
4 0.070574 0.836929 0.017943 0.024112
4 0.069378 0.904822 0.019139 0.022843
29 0.070275 0.961294 0.019737 0.026650
23 0.095096 0.961294 0.022727 0.029188
28 0.122309 0.961929 0.018541 0.027919
5 0.215012 0.232868 0.187201 0.034264
5 0.214713 0.278553 0.185407 0.036802
0 0.285885 0.725254 0.019139 0.024112
34 0.182416 0.377538 0.240431 0.036802
34 0.203349 0.590102 0.177033 0.030457
34 0.204545 0.636421 0.178230 0.039340
5 0.184211 0.770305 0.226077 0.124365
0 0.183014 0.750635 0.222488 0.024112
0 0.183313 0.772843 0.221890 0.020305
0 0.182117 0.796320 0.219498 0.026650
9 0.326854 0.630711 0.017344 0.532995