19 0.045754 0.185914 0.060407 0.090102
19 0.123505 0.180838 0.052033 0.087563
19 0.127392 0.323604 0.061005 0.083756
19 0.041866 0.315990 0.050239 0.088832
19 0.043660 0.460025 0.052632 0.072335
19 0.125299 0.466371 0.052033 0.059645
19 0.043361 0.593274 0.059211 0.077411
19 0.906400 0.181472 0.077153 0.093909
19 0.918062 0.332487 0.088517 0.088832
19 0.855263 0.513325 0.088517 0.112944
19 0.862141 0.668782 0.104665 0.101523
4 0.536184 0.878807 0.019737 0.021574
20 0.489234 0.510787 0.626794 0.899746
22 0.770933 0.076777 0.021531 0.026650
32 0.717404 0.080584 0.035287 0.041878
29 0.198565 0.946066 0.026316 0.034264
19 0.271531 0.942259 0.027512 0.026650
19 0.305323 0.939086 0.025718 0.027919