23 0.199462 0.949873 0.020933 0.021574
29 0.174940 0.945431 0.014952 0.025381
32 0.788577 0.088832 0.030502 0.035533
34 0.340012 0.277284 0.215909 0.039340
34 0.340610 0.326142 0.217105 0.048223
34 0.339115 0.375635 0.216507 0.040609
34 0.340909 0.427665 0.212919 0.035533
0 0.465012 0.129442 0.020933 0.027919
0 0.470096 0.918147 0.021531 0.026650
0 0.992225 0.101523 0.013158 0.030457
0 0.988935 0.954315 0.014952 0.022843
0 0.967404 0.986041 0.025718 0.022843
0 0.362440 0.980330 0.026316 0.024112
0 0.434510 0.146574 0.023325 0.021574
0 0.437201 0.269036 0.014354 0.035533
0 0.436304 0.319162 0.013756 0.031726
0 0.435108 0.374365 0.018541 0.035533
0 0.432715 0.425761 0.017344 0.034264
22 0.840012 0.085660 0.018541 0.041878
3 0.331938 0.277284 0.197368 0.031726
3 0.330742 0.322970 0.193780 0.024112
3 0.332536 0.376269 0.193780 0.031726
3 0.331938 0.423223 0.185407 0.021574
4 0.238337 0.468909 0.012560 0.024112
4 0.173146 0.777919 0.022129 0.040609
4 0.174940 0.810914 0.020933 0.038071
9 0.988337 0.528553 0.018541 0.887056
9 0.988038 0.538706 0.017943 0.793147
9 0.663577 0.986675 0.632177 0.024112
9 0.467404 0.982868 0.181220 0.024112
9 0.468900 0.517766 0.026316 0.814721
9 0.468600 0.465736 0.020933 0.642132
15 0.346591 0.541244 0.208732 0.039340
15 0.344199 0.599619 0.208732 0.039340
15 0.348385 0.652919 0.205144 0.041878
15 0.343900 0.701777 0.214115 0.055838
15 0.259569 0.696066 0.016746 0.041878
15 0.262261 0.652284 0.014952 0.053299
15 0.349581 0.597716 0.023325 0.030457
15 0.345993 0.542513 0.018541 0.052030
19 0.275120 0.944797 0.025120 0.026650
19 0.311603 0.949873 0.026316 0.026650
19 0.041567 0.184010 0.062799 0.076142
19 0.046950 0.326777 0.055622 0.125635
19 0.045754 0.471447 0.058014 0.077411
19 0.057117 0.585660 0.069976 0.105330
19 0.124402 0.455584 0.049043 0.131980
19 0.124701 0.325508 0.046053 0.097716
19 0.113337 0.192259 0.048445 0.079949
20 0.511962 0.512056 0.716507 0.909898