0 0.988636 0.949873 0.019139 0.024112
0 0.967703 0.979695 0.022727 0.027919
0 0.061005 0.979061 0.019139 0.026650
9 0.515251 0.979695 0.930024 0.032995
9 0.514952 0.978426 0.795455 0.022843
0 0.988337 0.102157 0.019737 0.024112
9 0.987440 0.523477 0.022727 0.861675
9 0.988935 0.541244 0.016148 0.717005
20 0.429426 0.508883 0.820574 0.893401
22 0.808014 0.081218 0.022727 0.032995
0 0.214713 0.156726 0.019139 0.013959
0 0.215610 0.170685 0.017344 0.013959
0 0.214115 0.197970 0.015550 0.015228
0 0.214713 0.211929 0.014354 0.012690
0 0.213517 0.332487 0.014354 0.015228
0 0.213517 0.347716 0.014354 0.015228
6 0.214115 0.163071 0.020335 0.039340
6 0.214115 0.206218 0.019139 0.031726
6 0.213816 0.340736 0.019737 0.031726
3 0.181818 0.167513 0.047847 0.038071
3 0.181519 0.205584 0.047249 0.025381
3 0.169258 0.342640 0.063397 0.035533
4 0.041567 0.305838 0.019737 0.035533
4 0.044856 0.876904 0.025120 0.032995
32 0.753289 0.081218 0.022129 0.032995
29 0.042464 0.933376 0.016746 0.036802
23 0.067883 0.932107 0.025718 0.034264