19 0.041866 0.359137 0.055024 0.081218
19 0.122309 0.365482 0.069976 0.088832
19 0.129187 0.229061 0.065789 0.079949
19 0.277512 0.354061 0.075359 0.104061
19 0.283493 0.480964 0.057416 0.121827
19 0.200060 0.497462 0.062799 0.078680
19 0.120514 0.520305 0.075957 0.091371
19 0.044258 0.525381 0.062201 0.121827
19 0.041268 0.631980 0.050239 0.071066
19 0.121711 0.634518 0.065191 0.086294
19 0.199163 0.631345 0.061005 0.092640
19 0.281998 0.635152 0.055622 0.087563
19 0.088218 0.974619 0.059211 0.027919
19 0.261065 0.973985 0.048445 0.041878
28 0.039773 0.219543 0.048445 0.073604
29 0.316089 0.974619 0.055622 0.043147
29 0.029904 0.975888 0.056220 0.038071
29 0.197967 0.359137 0.047847 0.083756
0 0.333732 0.675761 0.020335 0.026650
35 0.149522 0.974619 0.057416 0.043147
35 0.206340 0.974619 0.051435 0.045685
0 0.331340 0.139594 0.017943 0.032995
0 0.598684 0.952411 0.089713 0.044416
0 0.709928 0.950508 0.106459 0.043147
20 0.750598 0.916244 0.477273 0.131980
22 0.966806 0.880711 0.026914 0.040609
9 0.330742 0.408629 0.022727 0.571066
9 0.331938 0.252538 0.019139 0.172589