19 0.023923 0.143401 0.047847 0.043147
19 0.024821 0.190990 0.046053 0.052030
19 0.025120 0.243655 0.046651 0.053299
19 0.025120 0.296320 0.046651 0.052030
19 0.025419 0.345812 0.047249 0.046954
19 0.023923 0.447335 0.045455 0.046954
19 0.023923 0.599619 0.043062 0.049492
19 0.155203 0.140228 0.095096 0.100254
19 0.273624 0.132614 0.096292 0.097716
19 0.388756 0.142132 0.101675 0.091371
19 0.834330 0.151650 0.088517 0.085025
19 0.153708 0.296320 0.127990 0.118020
19 0.272428 0.302030 0.089115 0.104061
19 0.372309 0.288706 0.091507 0.092640
19 0.146232 0.461294 0.089115 0.097716
19 0.253888 0.456218 0.086722 0.090102
19 0.366627 0.458122 0.087321 0.098985
19 0.130084 0.623731 0.104665 0.090102
19 0.251495 0.619289 0.103469 0.098985
19 0.368122 0.621193 0.096292 0.079949
19 0.123804 0.760152 0.095694 0.093909
19 0.234749 0.773477 0.086722 0.087563
19 0.336722 0.774112 0.093301 0.071066
19 0.133074 0.907995 0.098684 0.090102
19 0.232955 0.917513 0.081938 0.078680
19 0.337321 0.918147 0.099282 0.074873
29 0.023026 0.392766 0.035287 0.059645
29 0.026017 0.647208 0.040072 0.050761
35 0.027213 0.491751 0.046053 0.054569
35 0.022129 0.548858 0.040670 0.046954
0 0.988337 0.103426 0.016148 0.031726
0 0.988636 0.949873 0.019139 0.024112
0 0.967703 0.979695 0.022727 0.027919
0 0.061005 0.979061 0.019139 0.026650
9 0.988337 0.521574 0.018541 0.875635
9 0.987440 0.512056 0.019139 0.727157
29 0.714713 0.026650 0.020335 0.032995
22 0.775120 0.029188 0.023923 0.035533
20 0.618122 0.498096 0.369019 0.991117
0 0.772129 0.199873 0.016746 0.019036
0 0.774522 0.283629 0.016746 0.021574
0 0.772727 0.421954 0.015550 0.024112
0 0.773026 0.457487 0.019737 0.013959
0 0.775120 0.470812 0.015550 0.012690
0 0.774522 0.608503 0.014354 0.024112
0 0.771830 0.635787 0.017344 0.012690
0 0.774222 0.649746 0.014952 0.015228
0 0.773026 0.744289 0.014952 0.016497
0 0.771531 0.758883 0.017943 0.012690
0 0.773325 0.789340 0.014354 0.012690
0 0.774522 0.800761 0.011962 0.010152
6 0.772129 0.462563 0.021531 0.034264
6 0.772727 0.643401 0.020335 0.032995
6 0.771232 0.751269 0.019737 0.022843
6 0.773624 0.793147 0.014952 0.022843
4 0.459330 0.791878 0.020335 0.025381
4 0.460526 0.859137 0.017943 0.030457
4 0.458732 0.895305 0.023923 0.029188
4 0.460825 0.974619 0.019737 0.025381
3 0.617823 0.115482 0.336124 0.040609
3 0.723086 0.466371 0.077751 0.034264
3 0.723086 0.645939 0.077751 0.032995
3 0.724282 0.753173 0.078947 0.036802
3 0.724282 0.793782 0.081340 0.034264
5 0.703050 0.199873 0.165670 0.036802
5 0.702751 0.286168 0.165072 0.039340
5 0.701854 0.426396 0.162081 0.038071
5 0.701256 0.605330 0.158493 0.035533