0 0.989234 0.121193 0.017943 0.062183
0 0.988337 0.958122 0.018541 0.025381
0 0.361842 0.980330 0.029904 0.026650
0 0.969199 0.986041 0.026914 0.022843
19 0.910586 0.182741 0.091507 0.096447
19 0.918660 0.343909 0.083732 0.098985
19 0.863935 0.515863 0.081938 0.097716
19 0.854964 0.664340 0.087919 0.100254
19 0.281100 0.180838 0.059809 0.097716
19 0.199761 0.178934 0.041866 0.071066
19 0.124402 0.177665 0.051435 0.068528
19 0.040969 0.185279 0.054426 0.071066
19 0.044557 0.329315 0.056818 0.090102
19 0.125299 0.326777 0.061603 0.079949
19 0.200359 0.325508 0.049043 0.064721
19 0.283194 0.320431 0.069976 0.069797
19 0.278409 0.489848 0.060407 0.121827
19 0.200658 0.474619 0.053230 0.078680
19 0.118421 0.459391 0.056220 0.086294
19 0.039474 0.464467 0.062201 0.078680
19 0.040670 0.602792 0.046651 0.071066
19 0.087620 0.974619 0.050837 0.030457
19 0.259868 0.975888 0.055622 0.040609
0 0.541268 0.892766 0.017943 0.024112
4 0.595694 0.828680 0.017943 0.038071
4 0.594498 0.864848 0.019139 0.034264
5 0.457835 0.892766 0.182416 0.041878
2 0.348086 0.814086 0.022727 0.034264
2 0.350778 0.850254 0.014952 0.025381
20 0.561304 0.532995 0.474282 0.865482
22 0.769139 0.126904 0.019139 0.027919
35 0.143840 0.967640 0.060407 0.031726
35 0.203050 0.972081 0.054426 0.038071
32 0.709031 0.130076 0.031699 0.031726
29 0.027811 0.977157 0.048445 0.043147
29 0.312201 0.975254 0.044258 0.036802
23 0.372608 0.951142 0.026316 0.029188
24 0.398325 0.946701 0.020335 0.022843
9 0.988935 0.526650 0.020933 0.873096
9 0.989234 0.546320 0.016746 0.793147