0 0.985347 0.103426 0.020933 0.036802
0 0.972189 0.973350 0.019737 0.030457
9 0.988935 0.514594 0.016148 0.854061
9 0.988337 0.539340 0.017344 0.794416
0 0.210526 0.133883 0.023923 0.024112
0 0.207536 0.176396 0.016746 0.022843
0 0.210227 0.225254 0.018541 0.026650
0 0.204246 0.272843 0.024522 0.027919
0 0.209031 0.427030 0.019737 0.034264
22 0.920754 0.083756 0.023325 0.038071
4 0.068780 0.466371 0.021531 0.026650
3 0.129486 0.419416 0.133373 0.029188
3 0.127392 0.281091 0.127990 0.036802
3 0.131280 0.226523 0.139354 0.031726
3 0.129187 0.187817 0.132775 0.030457
3 0.128289 0.142766 0.133373 0.034264
32 0.860347 0.086929 0.028110 0.041878
23 0.095395 0.946701 0.025718 0.035533
29 0.067584 0.942259 0.017943 0.036802