20 0.499402 0.503173 0.435407 0.722081
22 0.690490 0.167513 0.013756 0.038071
0 0.702751 0.222081 0.014354 0.035533
19 0.039175 0.268401 0.058014 0.100254
19 0.119617 0.268401 0.064593 0.092640
19 0.203648 0.267766 0.056818 0.081218
19 0.040072 0.407360 0.061005 0.088832
19 0.120514 0.408629 0.061603 0.083756
19 0.197368 0.409898 0.050239 0.071066
19 0.037380 0.543782 0.052033 0.082487
19 0.116627 0.552665 0.062201 0.077411
19 0.199761 0.547589 0.056220 0.105330
19 0.084629 0.974619 0.058014 0.045685
19 0.257775 0.979061 0.053828 0.039340
19 0.820873 0.198604 0.098684 0.097716
19 0.929127 0.206853 0.096292 0.096447
19 0.925538 0.362310 0.098684 0.102792
19 0.811603 0.362310 0.096890 0.087563
29 0.301734 0.833756 0.019737 0.032995
29 0.027811 0.974619 0.052033 0.040609
29 0.313397 0.973985 0.051435 0.041878
5 0.499701 0.242386 0.422847 0.073604
3 0.500000 0.311548 0.421053 0.036802
0 0.358553 0.982868 0.024522 0.019036
0 0.988038 0.984137 0.015550 0.019036
9 0.669557 0.984772 0.656100 0.025381
9 0.468900 0.984137 0.192584 0.024112
32 0.634569 0.166244 0.022727 0.025381