19 0.023923 0.143401 0.047847 0.043147
19 0.024821 0.190990 0.046053 0.052030
19 0.025120 0.243655 0.046651 0.053299
19 0.025120 0.296320 0.046651 0.052030
19 0.025419 0.345812 0.047249 0.046954
19 0.023923 0.447335 0.045455 0.046954
19 0.023923 0.599619 0.043062 0.049492
29 0.023026 0.392766 0.035287 0.059645
29 0.026017 0.647208 0.040072 0.050761
35 0.027213 0.491751 0.046053 0.054569
35 0.022129 0.548858 0.040670 0.046954
0 0.988636 0.949873 0.019139 0.024112
0 0.967703 0.979695 0.022727 0.027919
0 0.061005 0.979061 0.019139 0.026650
9 0.515251 0.979695 0.930024 0.032995
9 0.514952 0.978426 0.795455 0.022843
20 0.854964 0.583122 0.256579 0.201777
0 0.791866 0.609772 0.113636 0.029188
0 0.911483 0.607868 0.110048 0.035533
4 0.741029 0.557107 0.022727 0.030457
0 0.988337 0.102157 0.019737 0.024112
9 0.987440 0.523477 0.022727 0.861675
9 0.988935 0.541244 0.016148 0.717005
19 0.126495 0.432107 0.096292 0.107868
19 0.232955 0.440990 0.086722 0.105330
19 0.336423 0.445431 0.089115 0.106599
19 0.447967 0.440355 0.094498 0.096447
19 0.566089 0.440355 0.086722 0.114213
19 0.132476 0.584391 0.097488 0.090102
19 0.233852 0.588198 0.088517 0.102792
19 0.340311 0.592640 0.092105 0.093909
19 0.446770 0.602157 0.096890 0.118020
19 0.551136 0.600888 0.087919 0.100254
19 0.651316 0.616117 0.090909 0.090102
23 0.773325 0.663071 0.017943 0.031726
29 0.746411 0.658629 0.015550 0.022843
22 0.952153 0.509518 0.020335 0.024112
29 0.903409 0.515228 0.029306 0.043147