4 0.149522 0.702411 0.019139 0.031726
4 0.148624 0.737944 0.018541 0.031726
4 0.522428 0.736675 0.023325 0.031726
20 0.497907 0.463198 0.751794 0.720812
22 0.845395 0.128807 0.020933 0.029188
19 0.930323 0.213198 0.093900 0.129442
19 0.930622 0.371193 0.111244 0.092640
19 0.215610 0.804569 0.023325 0.032995
19 0.252691 0.799492 0.019737 0.032995
19 0.038876 0.270939 0.059809 0.092640
19 0.041268 0.413706 0.056220 0.086294
19 0.038577 0.550761 0.058014 0.096447
19 0.088218 0.977157 0.054426 0.043147
19 0.261364 0.972716 0.056220 0.039340
29 0.314294 0.971447 0.047249 0.044416
29 0.025419 0.972081 0.049641 0.038071
29 0.144737 0.795685 0.019139 0.025381
32 0.786483 0.128807 0.026316 0.034264