19 0.041866 0.359137 0.055024 0.081218
19 0.044258 0.525381 0.062201 0.121827
19 0.041268 0.631980 0.050239 0.071066
19 0.121711 0.634518 0.065191 0.086294
19 0.199163 0.631345 0.061005 0.092640
19 0.281998 0.635152 0.055622 0.087563
19 0.088218 0.974619 0.059211 0.027919
19 0.261065 0.973985 0.048445 0.041878
0 0.021830 0.068528 0.042464 0.038071
0 0.064593 0.066624 0.040670 0.041878
0 0.114833 0.067893 0.043062 0.041878
0 0.175837 0.064721 0.055024 0.040609
0 0.243122 0.065990 0.072368 0.030457
0 0.307715 0.066624 0.047249 0.036802
28 0.039773 0.219543 0.048445 0.073604
32 0.909390 0.022208 0.028110 0.026650
29 0.316089 0.974619 0.055622 0.043147
29 0.029904 0.975888 0.056220 0.038071
0 0.333732 0.675761 0.020335 0.026650
22 0.970694 0.021574 0.028708 0.027919
35 0.149522 0.974619 0.057416 0.043147
35 0.206340 0.974619 0.051435 0.045685
0 0.252990 0.106599 0.322967 0.043147
0 0.251794 0.154188 0.325359 0.052030
0 0.251196 0.197970 0.324163 0.035533
0 0.250897 0.232234 0.324761 0.032995
0 0.252093 0.282360 0.325957 0.034264
0 0.253888 0.317893 0.322368 0.036802
0 0.252093 0.357234 0.318780 0.041878
0 0.248206 0.410533 0.282297 0.031726
0 0.247907 0.448604 0.282895 0.044416
0 0.243421 0.489848 0.273923 0.038071
0 0.516148 0.114848 0.190191 0.044416
0 0.517644 0.159898 0.187201 0.045685
7 0.256579 0.274746 0.332536 0.450508
8 0.507775 0.137056 0.247608 0.104061