19 0.043361 0.270939 0.066388 0.087563
19 0.039773 0.411168 0.060407 0.088832
19 0.041268 0.551396 0.057416 0.090102
19 0.117823 0.266497 0.061005 0.081218
19 0.123206 0.401650 0.058612 0.082487
19 0.120813 0.555203 0.069378 0.072335
19 0.202751 0.563452 0.072967 0.096447
19 0.207237 0.411802 0.061603 0.052030
19 0.203947 0.269670 0.059809 0.067259
19 0.282596 0.270305 0.075957 0.071066
19 0.276615 0.420685 0.056818 0.102792
19 0.278708 0.556472 0.065789 0.077411
19 0.404904 0.210025 0.080144 0.130711
19 0.519737 0.191624 0.095694 0.093909
19 0.627093 0.199239 0.090311 0.081218
19 0.401017 0.368655 0.073565 0.087563
19 0.508971 0.372462 0.086124 0.069797
19 0.608852 0.366117 0.081340 0.090102
19 0.256878 0.974619 0.058014 0.048223
19 0.085526 0.977792 0.059809 0.041878
0 0.331340 0.137056 0.023923 0.022843
0 0.332237 0.677030 0.020933 0.036802
0 0.989833 0.982868 0.017943 0.021574
0 0.357057 0.983503 0.020335 0.025381
9 0.334031 0.409898 0.025718 0.560914
9 0.331938 0.423223 0.021531 0.196701
29 0.027213 0.975888 0.050837 0.043147
29 0.316388 0.975254 0.056220 0.044416
35 0.200060 0.972081 0.056818 0.038071
35 0.145933 0.977157 0.061005 0.043147
9 0.669258 0.980964 0.654306 0.030457
9 0.469199 0.979695 0.200359 0.017766
22 0.731160 0.474619 0.030502 0.035533
20 0.660885 0.576142 0.198565 0.263959
29 0.673146 0.470178 0.022129 0.024112
29 0.584928 0.680203 0.016746 0.027919
19 0.726974 0.202411 0.086722 0.118020
19 0.833134 0.202411 0.092105 0.105330
19 0.929127 0.207487 0.086722 0.118020
19 0.919258 0.359772 0.088517 0.097716
19 0.815490 0.361041 0.091507 0.107868
19 0.714713 0.378807 0.088517 0.097716