22 0.974880 0.026650 0.025120 0.043147
32 0.919557 0.025381 0.031699 0.038071
0 0.022727 0.063452 0.032297 0.035533
0 0.061005 0.065990 0.034689 0.030457
0 0.110048 0.068528 0.045455 0.035533
0 0.165371 0.062817 0.048445 0.039340
0 0.219498 0.068528 0.045455 0.040609
0 0.292763 0.064721 0.090311 0.043147
0 0.403110 0.064086 0.108852 0.044416
0 0.502093 0.062817 0.062799 0.036802
0 0.563098 0.069797 0.041268 0.035533
0 0.694079 0.106599 0.095096 0.030457
0 0.802931 0.108503 0.115431 0.034264
28 0.043959 0.105330 0.050837 0.038071
19 0.393242 0.105964 0.034091 0.039340
19 0.419258 0.106599 0.025120 0.025381
19 0.450060 0.108503 0.023325 0.029188
19 0.482057 0.108503 0.017943 0.024112
19 0.505383 0.105964 0.021531 0.034264
19 0.535885 0.105964 0.023923 0.034264
19 0.564294 0.104061 0.022129 0.030457
19 0.591208 0.109137 0.028110 0.027919
19 0.619617 0.111041 0.023923 0.029188
7 0.218301 0.394036 0.267943 0.691624
8 0.412081 0.491117 0.190191 0.091371
0 0.151316 0.108503 0.127990 0.034264
0 0.151316 0.143401 0.127990 0.035533
0 0.144139 0.260152 0.118421 0.027919
0 0.179127 0.288706 0.182416 0.034264
0 0.184510 0.342640 0.197967 0.043147
0 0.183313 0.390228 0.197967 0.039340
0 0.188397 0.422589 0.199761 0.030457
0 0.199163 0.464467 0.217703 0.035533
0 0.195873 0.500000 0.212321 0.040609
0 0.195873 0.536802 0.212321 0.032995
0 0.176136 0.580584 0.172847 0.054569
0 0.216806 0.712563 0.249402 0.044416
0 0.427033 0.475888 0.141148 0.043147
0 0.425239 0.513325 0.144737 0.031726