22 0.974880 0.026650 0.025120 0.043147
32 0.919557 0.025381 0.031699 0.038071
0 0.022727 0.063452 0.032297 0.035533
0 0.061005 0.065990 0.034689 0.030457
0 0.110048 0.068528 0.045455 0.035533
0 0.165371 0.062817 0.048445 0.039340
0 0.219498 0.068528 0.045455 0.040609
0 0.292763 0.064721 0.090311 0.043147
0 0.403110 0.064086 0.108852 0.044416
0 0.502093 0.062817 0.062799 0.036802
0 0.563098 0.069797 0.041268 0.035533
0 0.694079 0.106599 0.095096 0.030457
0 0.802931 0.108503 0.115431 0.034264
0 0.210526 0.195431 0.019139 0.022843
28 0.043959 0.105330 0.050837 0.038071
19 0.095694 0.108503 0.028708 0.026650
23 0.165371 0.108503 0.022129 0.031726
4 0.014952 0.282995 0.017943 0.035533
5 0.155801 0.310914 0.130981 0.251269
0 0.209031 0.230964 0.022129 0.027919
0 0.211423 0.422589 0.013756 0.022843
0 0.145335 0.225254 0.110048 0.026650
0 0.145335 0.247462 0.110048 0.017766
0 0.143840 0.270939 0.113038 0.029188
0 0.143242 0.298223 0.111842 0.025381
0 0.145933 0.320431 0.106459 0.019036
0 0.147129 0.337563 0.108852 0.015228
9 0.209928 0.325508 0.028708 0.227157
9 0.211423 0.314721 0.022129 0.144670
19 0.621112 0.108503 0.019737 0.031726
19 0.590610 0.108503 0.030502 0.031726
19 0.562500 0.108503 0.022129 0.034264
19 0.534390 0.109137 0.026914 0.030457
19 0.504486 0.104061 0.020933 0.045685
19 0.473684 0.109137 0.019139 0.030457
19 0.448266 0.107868 0.020933 0.035533
19 0.419856 0.106599 0.025120 0.030457
19 0.391746 0.105964 0.031100 0.031726
12 0.350179 0.164340 0.065191 0.036802
19 0.239533 0.101523 0.019737 0.020305
19 0.311902 0.105964 0.028110 0.031726