20 0.499103 0.494289 0.991029 0.983503
22 0.970096 0.021574 0.021531 0.025381
0 0.833732 0.958756 0.089713 0.031726
0 0.936005 0.957487 0.092105 0.039340
0 0.064593 0.956218 0.086124 0.029188
0 0.167464 0.959391 0.089713 0.038071
29 0.911184 0.022208 0.018541 0.034264
13 0.093002 0.090736 0.151316 0.034264
12 0.051435 0.087563 0.064593 0.032995
12 0.125299 0.092640 0.083134 0.030457
0 0.117225 0.185914 0.142344 0.026650
0 0.033194 0.215736 0.020933 0.030457
0 0.066687 0.274112 0.038876 0.027919
0 0.084031 0.216371 0.063995 0.016497
0 0.084031 0.239213 0.063995 0.029188
0 0.343600 0.270305 0.019737 0.027919
4 0.256579 0.397208 0.022727 0.032995
4 0.446471 0.270939 0.022129 0.034264
5 0.306519 0.269036 0.102273 0.032995