22 0.974880 0.026650 0.025120 0.043147
32 0.919557 0.025381 0.031699 0.038071
0 0.022727 0.063452 0.032297 0.035533
0 0.061005 0.065990 0.034689 0.030457
0 0.110048 0.068528 0.045455 0.035533
0 0.165371 0.062817 0.048445 0.039340
0 0.219498 0.068528 0.045455 0.040609
0 0.292763 0.064721 0.090311 0.043147
0 0.403110 0.064086 0.108852 0.044416
0 0.502093 0.062817 0.062799 0.036802
0 0.563098 0.069797 0.041268 0.035533
0 0.694079 0.106599 0.095096 0.030457
0 0.802931 0.108503 0.115431 0.034264
28 0.043959 0.105330 0.050837 0.038071
19 0.393242 0.105964 0.034091 0.039340
19 0.419258 0.106599 0.025120 0.025381
19 0.450060 0.108503 0.023325 0.029188
19 0.482057 0.108503 0.017943 0.024112
19 0.505383 0.105964 0.021531 0.034264
19 0.535885 0.105964 0.023923 0.034264
19 0.564294 0.104061 0.022129 0.030457
19 0.591208 0.109137 0.028110 0.027919
19 0.619617 0.111041 0.023923 0.029188
7 0.218002 0.397843 0.268541 0.699239
0 0.178828 0.104695 0.185407 0.031726
0 0.177632 0.142132 0.187799 0.043147
0 0.149821 0.250635 0.115431 0.029188
0 0.172249 0.291244 0.187799 0.041878
0 0.172249 0.337563 0.190191 0.048223
0 0.174641 0.381980 0.171053 0.032995
0 0.180323 0.425761 0.181220 0.039340
0 0.212620 0.469543 0.247010 0.030457
0 0.160287 0.506345 0.137560 0.030457
0 0.180921 0.539975 0.168062 0.036802
0 0.178230 0.575508 0.173445 0.034264
0 0.223385 0.713198 0.232656 0.043147