22 0.974880 0.026650 0.025120 0.043147
32 0.919557 0.025381 0.031699 0.038071
0 0.022727 0.063452 0.032297 0.035533
0 0.061005 0.065990 0.034689 0.030457
0 0.110048 0.068528 0.045455 0.035533
0 0.165371 0.062817 0.048445 0.039340
0 0.219498 0.068528 0.045455 0.040609
0 0.292763 0.064721 0.090311 0.043147
0 0.403110 0.064086 0.108852 0.044416
0 0.502093 0.062817 0.062799 0.036802
0 0.563098 0.069797 0.041268 0.035533
0 0.694079 0.106599 0.095096 0.030457
0 0.802931 0.108503 0.115431 0.034264
28 0.043959 0.105330 0.050837 0.038071
19 0.095694 0.108503 0.028708 0.026650
23 0.165371 0.108503 0.022129 0.031726
12 0.348983 0.160533 0.061603 0.036802
19 0.312500 0.103426 0.019737 0.036802
19 0.239833 0.102792 0.019139 0.032995
19 0.393242 0.105964 0.034091 0.039340
19 0.419258 0.106599 0.025120 0.025381
19 0.450060 0.108503 0.023325 0.029188
19 0.482057 0.108503 0.017943 0.024112
19 0.505383 0.105964 0.021531 0.034264
19 0.535885 0.105964 0.023923 0.034264
19 0.564294 0.104061 0.022129 0.030457
19 0.591208 0.109137 0.028110 0.027919
19 0.619617 0.111041 0.023923 0.029188
0 0.086722 0.257614 0.017943 0.012690
0 0.087321 0.270939 0.016746 0.013959
0 0.182416 0.256980 0.015550 0.013959
0 0.181519 0.271574 0.017344 0.015228
0 0.279007 0.258249 0.016148 0.011421
0 0.279007 0.271574 0.016148 0.015228
0 0.279904 0.374365 0.016746 0.015228
0 0.280502 0.390228 0.015550 0.016497
0 0.089713 0.375000 0.019139 0.013959
0 0.089713 0.389594 0.019139 0.015228
0 0.100778 0.426396 0.091507 0.030457
0 0.200658 0.425761 0.090311 0.036802
6 0.086124 0.263325 0.021531 0.036802
6 0.182416 0.262056 0.022727 0.034264
6 0.278708 0.268401 0.023923 0.034264
6 0.279605 0.383249 0.018541 0.030457
6 0.088816 0.383249 0.022129 0.030457
3 0.041866 0.262690 0.069378 0.032995
3 0.137560 0.262056 0.066986 0.031726
3 0.234749 0.262690 0.066388 0.032995
3 0.240132 0.383249 0.062799 0.030457
3 0.043062 0.382614 0.065789 0.034264
0 0.186304 0.306472 0.019737 0.026650
5 0.155203 0.331218 0.092703 0.078680
0 0.154007 0.333756 0.090311 0.020305
0 0.154605 0.355964 0.089115 0.024112