22 0.974880 0.026650 0.025120 0.043147
32 0.919557 0.025381 0.031699 0.038071
0 0.022727 0.063452 0.032297 0.035533
0 0.061005 0.065990 0.034689 0.030457
0 0.110048 0.068528 0.045455 0.035533
0 0.165371 0.062817 0.048445 0.039340
0 0.219498 0.068528 0.045455 0.040609
0 0.292763 0.064721 0.090311 0.043147
0 0.403110 0.064086 0.108852 0.044416
0 0.502093 0.062817 0.062799 0.036802
0 0.563098 0.069797 0.041268 0.035533
0 0.694079 0.106599 0.095096 0.030457
0 0.802931 0.108503 0.115431 0.034264
0 0.210526 0.195431 0.019139 0.022843
0 0.151914 0.241751 0.014354 0.019036
28 0.043959 0.105330 0.050837 0.038071
19 0.095694 0.108503 0.028708 0.026650
23 0.165371 0.108503 0.022129 0.031726
5 0.154605 0.194797 0.130981 0.039340
5 0.125598 0.246193 0.071770 0.040609
4 0.014952 0.282995 0.017943 0.035533
0 0.479665 0.102792 0.279904 0.035533
0 0.480562 0.143401 0.278110 0.045685
0 0.477572 0.437183 0.269737 0.036802
0 0.480562 0.475888 0.263756 0.040609
0 0.481758 0.519670 0.266148 0.046954
0 0.483254 0.564721 0.263158 0.043147
7 0.480263 0.314721 0.284689 0.538071
8 0.757775 0.662437 0.343301 0.241117
0 0.772727 0.576142 0.297847 0.038071
0 0.775419 0.612944 0.292464 0.035533
0 0.775419 0.648477 0.292464 0.035533
0 0.776615 0.685279 0.290072 0.038071
0 0.776017 0.723350 0.288876 0.038071
8 0.946172 0.788071 0.101675 0.164975
19 0.238038 0.104695 0.023923 0.029188
19 0.314294 0.107234 0.024522 0.029188