20 0.499103 0.494289 0.991029 0.983503
22 0.970096 0.021574 0.021531 0.025381
0 0.833732 0.958756 0.089713 0.031726
0 0.936005 0.957487 0.092105 0.039340
0 0.064593 0.956218 0.086124 0.029188
0 0.167464 0.959391 0.089713 0.038071
29 0.911184 0.022208 0.018541 0.034264
13 0.093002 0.090736 0.151316 0.034264
12 0.051435 0.087563 0.064593 0.032995
12 0.125299 0.092640 0.083134 0.030457
0 0.117225 0.185914 0.142344 0.026650
0 0.033194 0.215736 0.020933 0.030457
0 0.066687 0.274112 0.038876 0.027919
0 0.084031 0.216371 0.063995 0.016497
0 0.084031 0.239213 0.063995 0.029188
33 0.088517 0.228426 0.137560 0.055838
0 0.343600 0.267766 0.018541 0.022843
0 0.500000 0.472081 0.021531 0.027919
5 0.306220 0.270939 0.098086 0.041878
5 0.381280 0.475254 0.254187 0.044416
4 0.448565 0.272208 0.022727 0.034264
4 0.255981 0.394036 0.021531 0.029188