22 0.974880 0.026650 0.025120 0.043147
32 0.919557 0.025381 0.031699 0.038071
0 0.022727 0.063452 0.032297 0.035533
0 0.061005 0.065990 0.034689 0.030457
0 0.110048 0.068528 0.045455 0.035533
0 0.165371 0.062817 0.048445 0.039340
0 0.219498 0.068528 0.045455 0.040609
0 0.292763 0.064721 0.090311 0.043147
0 0.403110 0.064086 0.108852 0.044416
0 0.502093 0.062817 0.062799 0.036802
0 0.563098 0.069797 0.041268 0.035533
0 0.694079 0.106599 0.095096 0.030457
0 0.802931 0.108503 0.115431 0.034264
28 0.043959 0.105330 0.050837 0.038071
19 0.095694 0.108503 0.028708 0.026650
19 0.393242 0.105964 0.034091 0.039340
19 0.419258 0.106599 0.025120 0.025381
19 0.450060 0.108503 0.023325 0.029188
19 0.482057 0.108503 0.017943 0.024112
19 0.505383 0.105964 0.021531 0.034264
19 0.535885 0.105964 0.023923 0.034264
19 0.564294 0.104061 0.022129 0.030457
19 0.591208 0.109137 0.028110 0.027919
19 0.619617 0.111041 0.023923 0.029188
0 0.246411 0.102157 0.206938 0.029188
0 0.248804 0.142766 0.202153 0.052030
0 0.251196 0.189721 0.206938 0.041878
0 0.255383 0.232868 0.198565 0.044416
0 0.264055 0.276015 0.218301 0.039340
0 0.263158 0.314721 0.220096 0.038071
0 0.265849 0.357868 0.225478 0.048223
0 0.267943 0.404188 0.220096 0.044416
0 0.253589 0.444162 0.191388 0.035533
0 0.443780 0.326777 0.125598 0.039340
0 0.445574 0.362944 0.122010 0.032995
0 0.443780 0.400381 0.118421 0.041878
0 0.446172 0.436548 0.113636 0.030457
7 0.251794 0.254442 0.239234 0.417513
8 0.429725 0.380076 0.174043 0.158629