22 0.974880 0.026650 0.025120 0.043147
32 0.919557 0.025381 0.031699 0.038071
0 0.022727 0.063452 0.032297 0.035533
0 0.061005 0.065990 0.034689 0.030457
0 0.110048 0.068528 0.045455 0.035533
0 0.165371 0.062817 0.048445 0.039340
0 0.219498 0.068528 0.045455 0.040609
0 0.292763 0.064721 0.090311 0.043147
0 0.403110 0.064086 0.108852 0.044416
0 0.502093 0.062817 0.062799 0.036802
0 0.563098 0.069797 0.041268 0.035533
0 0.694079 0.106599 0.095096 0.030457
0 0.802931 0.108503 0.115431 0.034264
0 0.210526 0.195431 0.019139 0.022843
0 0.151914 0.241751 0.014354 0.019036
28 0.043959 0.105330 0.050837 0.038071
19 0.095694 0.108503 0.028708 0.026650
23 0.165371 0.108503 0.022129 0.031726
5 0.154605 0.194797 0.130981 0.039340
5 0.125598 0.246193 0.071770 0.040609
4 0.014952 0.282995 0.017943 0.035533
7 0.480861 0.322335 0.290670 0.548223
8 0.653409 0.435279 0.151316 0.048223
0 0.442584 0.100888 0.187799 0.039340
0 0.488636 0.138959 0.251196 0.029188
0 0.484151 0.434645 0.256579 0.046954
0 0.479665 0.476523 0.265550 0.036802
0 0.479366 0.521574 0.264952 0.050761
0 0.489533 0.566624 0.244617 0.039340