22 0.974880 0.026650 0.025120 0.043147
32 0.919557 0.025381 0.031699 0.038071
0 0.022727 0.063452 0.032297 0.035533
0 0.061005 0.065990 0.034689 0.030457
0 0.110048 0.068528 0.045455 0.035533
0 0.165371 0.062817 0.048445 0.039340
0 0.219498 0.068528 0.045455 0.040609
0 0.292763 0.064721 0.090311 0.043147
0 0.403110 0.064086 0.108852 0.044416
0 0.502093 0.062817 0.062799 0.036802
0 0.563098 0.069797 0.041268 0.035533
0 0.210526 0.195431 0.019139 0.022843
0 0.151914 0.241751 0.014354 0.019036
28 0.043959 0.105330 0.050837 0.038071
19 0.095694 0.108503 0.028708 0.026650
23 0.165371 0.108503 0.022129 0.031726
5 0.154605 0.194797 0.130981 0.039340
5 0.125598 0.246193 0.071770 0.040609
4 0.014952 0.282995 0.017943 0.035533
0 0.577153 0.105964 0.226077 0.044416
0 0.576256 0.150381 0.229067 0.044416
0 0.804426 0.109772 0.228469 0.034264
0 0.805921 0.147843 0.225478 0.041878
0 0.805323 0.186548 0.224282 0.035533
0 0.805622 0.223350 0.223684 0.038071
0 0.804127 0.262056 0.220694 0.039340
0 0.804127 0.297589 0.220694 0.031726
0 0.797548 0.329949 0.207536 0.032995
0 0.799940 0.364848 0.202751 0.036802
0 0.795455 0.404188 0.193780 0.041878
0 0.794258 0.440355 0.196172 0.030457
0 0.800239 0.473985 0.208134 0.036802
0 0.809809 0.506980 0.218900 0.036802
0 0.807416 0.546954 0.214115 0.043147
0 0.807416 0.585660 0.214115 0.034264
0 0.805024 0.617386 0.209330 0.029188
7 0.580742 0.114848 0.238038 0.148477
8 0.801734 0.363579 0.266148 0.564721
19 0.389653 0.110406 0.030502 0.038071
19 0.421651 0.107868 0.019139 0.030457
19 0.316687 0.103426 0.030502 0.026650
19 0.238935 0.102792 0.017344 0.017766