22 0.974880 0.026650 0.025120 0.043147
32 0.919557 0.025381 0.031699 0.038071
0 0.022727 0.063452 0.032297 0.035533
0 0.061005 0.065990 0.034689 0.030457
0 0.110048 0.068528 0.045455 0.035533
0 0.165371 0.062817 0.048445 0.039340
0 0.219498 0.068528 0.045455 0.040609
0 0.292763 0.064721 0.090311 0.043147
0 0.403110 0.064086 0.108852 0.044416
0 0.502093 0.062817 0.062799 0.036802
0 0.563098 0.069797 0.041268 0.035533
0 0.694079 0.106599 0.095096 0.030457
0 0.802931 0.108503 0.115431 0.034264
28 0.043959 0.105330 0.050837 0.038071
19 0.095694 0.108503 0.028708 0.026650
23 0.165371 0.108503 0.022129 0.031726
19 0.535885 0.105964 0.023923 0.034264
19 0.564294 0.104061 0.022129 0.030457
19 0.591208 0.109137 0.028110 0.027919
19 0.619617 0.111041 0.023923 0.029188
0 0.341507 0.106599 0.287081 0.040609
0 0.342404 0.147208 0.285287 0.040609
0 0.342703 0.189086 0.285885 0.043147
0 0.341806 0.232868 0.287679 0.044416
0 0.342105 0.270939 0.289474 0.031726
0 0.340311 0.305838 0.293062 0.038071
0 0.344797 0.348350 0.302033 0.046954
0 0.355861 0.390228 0.279904 0.036802
7 0.346292 0.227157 0.312201 0.370558