22 0.974880 0.026650 0.025120 0.043147
32 0.919557 0.025381 0.031699 0.038071
0 0.022727 0.063452 0.032297 0.035533
0 0.061005 0.065990 0.034689 0.030457
0 0.110048 0.068528 0.045455 0.035533
0 0.165371 0.062817 0.048445 0.039340
0 0.219498 0.068528 0.045455 0.040609
0 0.292763 0.064721 0.090311 0.043147
0 0.403110 0.064086 0.108852 0.044416
0 0.502093 0.062817 0.062799 0.036802
0 0.563098 0.069797 0.041268 0.035533
7 0.398624 0.467640 0.308014 0.831218
0 0.396531 0.104061 0.296651 0.040609
0 0.397727 0.147208 0.294258 0.045685
0 0.396830 0.195431 0.292464 0.050761
0 0.401316 0.239848 0.283493 0.038071
0 0.395335 0.279188 0.271531 0.040609
0 0.392344 0.314721 0.277512 0.030457
0 0.394737 0.352792 0.282297 0.045685
0 0.394737 0.392132 0.282297 0.032995
0 0.395335 0.430203 0.283493 0.043147
0 0.396232 0.469543 0.281699 0.035533
0 0.390849 0.506345 0.270933 0.038071
0 0.390849 0.542513 0.274522 0.034264
0 0.393840 0.579949 0.280502 0.040609
0 0.395933 0.620558 0.276316 0.040609
0 0.397727 0.661168 0.279904 0.040609
0 0.393541 0.699873 0.288278 0.036802
0 0.395634 0.737310 0.292464 0.038071
0 0.401017 0.775381 0.280502 0.030457
0 0.397727 0.819797 0.273923 0.058376
0 0.393242 0.861675 0.282895 0.025381
0 0.694079 0.106599 0.095096 0.030457
0 0.802931 0.108503 0.115431 0.034264
0 0.210526 0.195431 0.019139 0.022843
0 0.151914 0.241751 0.014354 0.019036
28 0.043959 0.105330 0.050837 0.038071
19 0.095694 0.108503 0.028708 0.026650
23 0.165371 0.108503 0.022129 0.031726
5 0.154605 0.194797 0.130981 0.039340
5 0.125598 0.246193 0.071770 0.040609
4 0.014952 0.282995 0.017943 0.035533