20 0.499103 0.494289 0.991029 0.983503
22 0.970096 0.021574 0.021531 0.025381
0 0.835825 0.293147 0.017344 0.025381
0 0.316687 0.232234 0.017344 0.027919
0 0.186304 0.296320 0.026914 0.031726
0 0.256280 0.419416 0.018541 0.029188
0 0.172249 0.345178 0.020335 0.017766
0 0.171950 0.361675 0.020933 0.015228
0 0.833732 0.958756 0.089713 0.031726
0 0.936005 0.957487 0.092105 0.039340
0 0.064593 0.956218 0.086124 0.029188
0 0.167464 0.959391 0.089713 0.038071
6 0.788577 0.355330 0.013756 0.030457
6 0.169856 0.352157 0.023923 0.036802
5 0.796950 0.295051 0.097488 0.029188
5 0.228768 0.236675 0.195574 0.031726
5 0.164773 0.295051 0.066388 0.034264
5 0.197069 0.418147 0.130981 0.036802
3 0.763756 0.352157 0.033493 0.031726
3 0.144737 0.354695 0.023923 0.036802
0 0.789474 0.345812 0.014354 0.013959
0 0.791268 0.359772 0.010766 0.013959
29 0.911184 0.022208 0.018541 0.034264
13 0.093002 0.090736 0.151316 0.034264
12 0.051435 0.087563 0.064593 0.032995
12 0.125299 0.092640 0.083134 0.030457
3 0.538278 0.176396 0.815789 0.030457