22 0.974880 0.026650 0.025120 0.043147
32 0.919557 0.025381 0.031699 0.038071
0 0.022727 0.063452 0.032297 0.035533
0 0.061005 0.065990 0.034689 0.030457
0 0.110048 0.068528 0.045455 0.035533
0 0.165371 0.062817 0.048445 0.039340
0 0.219498 0.068528 0.045455 0.040609
0 0.292763 0.064721 0.090311 0.043147
0 0.403110 0.064086 0.108852 0.044416
0 0.502093 0.062817 0.062799 0.036802
0 0.563098 0.069797 0.041268 0.035533
0 0.694079 0.106599 0.095096 0.030457
0 0.802931 0.108503 0.115431 0.034264
12 0.348983 0.160533 0.061603 0.036802
19 0.312500 0.103426 0.019737 0.036802
19 0.393242 0.105964 0.034091 0.039340
19 0.419258 0.106599 0.025120 0.025381
19 0.450060 0.108503 0.023325 0.029188
19 0.482057 0.108503 0.017943 0.024112
19 0.505383 0.105964 0.021531 0.034264
19 0.535885 0.105964 0.023923 0.034264
19 0.564294 0.104061 0.022129 0.030457
19 0.591208 0.109137 0.028110 0.027919
19 0.619617 0.111041 0.023923 0.029188
7 0.140251 0.275381 0.276914 0.446701
0 0.125000 0.105330 0.238038 0.030457
0 0.125598 0.141497 0.236842 0.041878
0 0.137859 0.180838 0.261364 0.036802
0 0.137859 0.218274 0.261364 0.038071
0 0.134270 0.257614 0.258971 0.038071
0 0.135766 0.300761 0.255981 0.048223
0 0.139354 0.343909 0.263158 0.038071
0 0.138756 0.380711 0.265550 0.032995
0 0.134868 0.418147 0.257775 0.041878
0 0.140251 0.463832 0.247010 0.049492