22 0.984151 0.017132 0.011364 0.024112
32 0.963517 0.013325 0.014354 0.019036
0 0.020933 0.046320 0.032297 0.026650
0 0.061902 0.045051 0.042464 0.029188
0 0.111842 0.045051 0.053828 0.029188
0 0.178230 0.047589 0.077751 0.024112
23 0.075957 0.079949 0.022727 0.032995
24 0.046950 0.079315 0.024522 0.029188
28 0.019438 0.080584 0.028110 0.031726
19 0.140849 0.083756 0.026914 0.032995
19 0.170455 0.079315 0.026316 0.034264
22 0.107057 0.081853 0.026316 0.036802
19 0.983553 0.080584 0.020933 0.039340
19 0.950359 0.079315 0.029904 0.034264
19 0.891746 0.113579 0.025120 0.034264
19 0.915371 0.114213 0.018541 0.035533
19 0.937799 0.119924 0.019139 0.034264
19 0.960227 0.118655 0.023325 0.034264
19 0.982656 0.119289 0.015550 0.032995
19 0.195574 0.120558 0.027512 0.045685
19 0.066687 0.513959 0.019737 0.027919
19 0.094797 0.511421 0.025718 0.027919
19 0.118421 0.508249 0.019139 0.026650
19 0.159091 0.120558 0.025120 0.032995
0 0.085825 0.151650 0.165670 0.026650
3 0.954246 0.192259 0.085526 0.029188
3 0.954545 0.224619 0.084928 0.035533
3 0.954844 0.261421 0.085526 0.038071
3 0.952452 0.330584 0.080742 0.031726
3 0.953050 0.395305 0.081938 0.029188
3 0.867225 0.190355 0.084928 0.030457
3 0.868720 0.222081 0.081938 0.032995
3 0.868122 0.258883 0.080742 0.040609
3 0.868421 0.329949 0.080144 0.030457
3 0.869019 0.397843 0.082536 0.034264
19 0.977871 0.939721 0.027512 0.026650
19 0.918062 0.939721 0.072967 0.029188
19 0.743122 0.940990 0.023325 0.021574
19 0.019139 0.942893 0.022727 0.032995
19 0.048744 0.939721 0.022129 0.029188
30 0.014055 0.904188 0.013756 0.019036
19 0.159091 0.512056 0.014354 0.034264
0 0.713816 0.179569 0.079545 0.034264
0 0.711124 0.281726 0.083732 0.043147
0 0.711722 0.786168 0.092105 0.041878
0 0.656998 0.855330 0.075957 0.032995
0 0.739833 0.855964 0.072967 0.034264
22 0.773026 0.057107 0.013756 0.030457
20 0.497608 0.465102 0.581340 0.861675
0 0.350478 0.276015 0.020335 0.029188
3 0.500897 0.179569 0.335526 0.026650
3 0.517644 0.281726 0.299641 0.038071
4 0.255383 0.724619 0.017943 0.035533
5 0.306220 0.279188 0.104067 0.030457
13 0.283194 0.102157 0.127392 0.041878
12 0.254486 0.098985 0.056818 0.030457
12 0.313995 0.099619 0.064593 0.031726