22 0.984151 0.017132 0.011364 0.024112
32 0.963517 0.013325 0.014354 0.019036
0 0.020933 0.046320 0.032297 0.026650
0 0.061902 0.045051 0.042464 0.029188
0 0.111842 0.045051 0.053828 0.029188
0 0.178230 0.047589 0.077751 0.024112
23 0.075957 0.079949 0.022727 0.032995
24 0.046950 0.079315 0.024522 0.029188
28 0.019438 0.080584 0.028110 0.031726
19 0.140849 0.083756 0.026914 0.032995
22 0.107057 0.081853 0.026316 0.036802
19 0.983553 0.080584 0.020933 0.039340
19 0.950359 0.079315 0.029904 0.034264
19 0.915371 0.114213 0.018541 0.035533
19 0.937799 0.119924 0.019139 0.034264
19 0.960227 0.118655 0.023325 0.034264
19 0.982656 0.119289 0.015550 0.032995
19 0.066687 0.513959 0.019737 0.027919
19 0.094797 0.511421 0.025718 0.027919
19 0.118421 0.508249 0.019139 0.026650
19 0.977871 0.939721 0.027512 0.026650
19 0.918062 0.939721 0.072967 0.029188
19 0.019139 0.942893 0.022727 0.032995
19 0.048744 0.939721 0.022129 0.029188
30 0.014055 0.904188 0.013756 0.019036
20 0.500299 0.498096 0.700359 0.884518
0 0.718900 0.904188 0.078947 0.036802
0 0.801734 0.902919 0.075957 0.034264
22 0.837620 0.079315 0.019737 0.026650
13 0.226675 0.135152 0.125598 0.046954
12 0.194976 0.135787 0.051435 0.035533
12 0.253888 0.135787 0.058014 0.030457
0 0.821770 0.168782 0.015550 0.017766
0 0.822667 0.579949 0.018541 0.022843
9 0.821471 0.376269 0.019737 0.427665
9 0.821172 0.312817 0.019139 0.272843
24 0.813397 0.648477 0.026316 0.035533
24 0.813696 0.689721 0.025718 0.046954
21 0.494617 0.372462 0.638756 0.425127
3 0.519737 0.651015 0.563397 0.030457
3 0.519139 0.688452 0.562201 0.044416
14 0.500598 0.654188 0.654306 0.115482