22 0.984151 0.017132 0.011364 0.024112
32 0.963517 0.013325 0.014354 0.019036
0 0.020933 0.046320 0.032297 0.026650
0 0.061902 0.045051 0.042464 0.029188
0 0.111842 0.045051 0.053828 0.029188
0 0.178230 0.047589 0.077751 0.024112
23 0.075957 0.079949 0.022727 0.032995
24 0.046950 0.079315 0.024522 0.029188
28 0.019438 0.080584 0.028110 0.031726
19 0.140849 0.083756 0.026914 0.032995
19 0.170455 0.079315 0.026316 0.034264
19 0.203648 0.079315 0.024522 0.029188
22 0.107057 0.081853 0.026316 0.036802
19 0.983553 0.080584 0.020933 0.039340
19 0.950359 0.079315 0.029904 0.034264
19 0.891746 0.113579 0.025120 0.034264
19 0.915371 0.114213 0.018541 0.035533
19 0.937799 0.119924 0.019139 0.034264
19 0.960227 0.118655 0.023325 0.034264
19 0.982656 0.119289 0.015550 0.032995
19 0.195574 0.120558 0.027512 0.045685
19 0.066687 0.513959 0.019737 0.027919
19 0.094797 0.511421 0.025718 0.027919
19 0.118421 0.508249 0.019139 0.026650
19 0.159091 0.120558 0.025120 0.032995
0 0.085825 0.151650 0.165670 0.026650
3 0.954246 0.192259 0.085526 0.029188
3 0.954545 0.224619 0.084928 0.035533
3 0.954844 0.261421 0.085526 0.038071
3 0.952452 0.330584 0.080742 0.031726
3 0.953050 0.395305 0.081938 0.029188
3 0.867225 0.190355 0.084928 0.030457
3 0.868720 0.222081 0.081938 0.032995
3 0.868122 0.258883 0.080742 0.040609
3 0.868421 0.329949 0.080144 0.030457
3 0.869019 0.397843 0.082536 0.034264
19 0.977871 0.939721 0.027512 0.026650
19 0.918062 0.939721 0.072967 0.029188
19 0.019139 0.942893 0.022727 0.032995
19 0.048744 0.939721 0.022129 0.029188
30 0.014055 0.904188 0.013756 0.019036
19 0.159091 0.512056 0.014354 0.034264
22 0.780203 0.088198 0.010167 0.026650
20 0.500897 0.510152 0.580742 0.885787
4 0.266447 0.357868 0.017344 0.032995
4 0.267644 0.395305 0.019737 0.036802
4 0.268541 0.818528 0.019139 0.038071
13 0.466507 0.312183 0.434211 0.050761
12 0.641746 0.314086 0.071770 0.036802
12 0.568780 0.311548 0.072967 0.036802
12 0.497608 0.314086 0.069378 0.036802
12 0.405203 0.314086 0.102273 0.041878
12 0.303230 0.310279 0.098086 0.036802
0 0.732356 0.436548 0.013756 0.022843
0 0.729665 0.537437 0.014354 0.024112
0 0.728469 0.213832 0.052632 0.031726
0 0.660885 0.914340 0.071770 0.036802
0 0.741029 0.913071 0.075359 0.031726
0 0.440789 0.821701 0.016746 0.013959
9 0.731758 0.484772 0.020933 0.129442
9 0.730861 0.479695 0.014354 0.048223
14 0.491926 0.491117 0.458732 0.139594
5 0.427632 0.820431 0.052632 0.031726
3 0.508672 0.220812 0.375000 0.035533
3 0.319677 0.475254 0.113038 0.039340
3 0.436304 0.472716 0.115431 0.039340
3 0.554426 0.468909 0.117225 0.044416
3 0.664474 0.469543 0.117225 0.048223
3 0.666567 0.518401 0.113038 0.049492
3 0.555323 0.519036 0.119019 0.050761
3 0.436304 0.518401 0.120215 0.046954
3 0.321471 0.520939 0.115431 0.052030