22 0.984151 0.017132 0.011364 0.024112
32 0.963517 0.013325 0.014354 0.019036
0 0.020933 0.046320 0.032297 0.026650
0 0.061902 0.045051 0.042464 0.029188
0 0.111842 0.045051 0.053828 0.029188
0 0.178230 0.047589 0.077751 0.024112
23 0.075957 0.079949 0.022727 0.032995
24 0.046950 0.079315 0.024522 0.029188
28 0.019438 0.080584 0.028110 0.031726
19 0.140849 0.083756 0.026914 0.032995
19 0.170455 0.079315 0.026316 0.034264
22 0.107057 0.081853 0.026316 0.036802
19 0.983553 0.080584 0.020933 0.039340
19 0.950359 0.079315 0.029904 0.034264
19 0.891746 0.113579 0.025120 0.034264
19 0.915371 0.114213 0.018541 0.035533
19 0.937799 0.119924 0.019139 0.034264
19 0.960227 0.118655 0.023325 0.034264
19 0.982656 0.119289 0.015550 0.032995
19 0.195574 0.120558 0.027512 0.045685
19 0.066687 0.513959 0.019737 0.027919
19 0.094797 0.511421 0.025718 0.027919
19 0.118421 0.508249 0.019139 0.026650
19 0.159091 0.120558 0.025120 0.032995
0 0.085825 0.151650 0.165670 0.026650
3 0.954246 0.192259 0.085526 0.029188
3 0.954545 0.224619 0.084928 0.035533
3 0.954844 0.261421 0.085526 0.038071
3 0.952452 0.330584 0.080742 0.031726
3 0.953050 0.395305 0.081938 0.029188
3 0.867225 0.190355 0.084928 0.030457
3 0.868720 0.222081 0.081938 0.032995
3 0.868122 0.258883 0.080742 0.040609
3 0.868421 0.329949 0.080144 0.030457
3 0.869019 0.397843 0.082536 0.034264
19 0.977871 0.939721 0.027512 0.026650
19 0.918062 0.939721 0.072967 0.029188
19 0.019139 0.942893 0.022727 0.032995
19 0.048744 0.939721 0.022129 0.029188
30 0.014055 0.904188 0.013756 0.019036
19 0.159091 0.512056 0.014354 0.034264
13 0.873206 0.898477 0.244019 0.038071
12 0.785885 0.894036 0.064593 0.034264
12 0.864833 0.894036 0.093301 0.031726
12 0.950359 0.895939 0.069378 0.035533
20 0.496112 0.465736 0.584330 0.857868
0 0.759270 0.143401 0.017344 0.030457
0 0.759270 0.532995 0.013756 0.025381
0 0.760467 0.559645 0.010167 0.015228
0 0.759868 0.804569 0.013756 0.020305
0 0.739833 0.858503 0.070574 0.036802
0 0.656400 0.850888 0.073565 0.039340
14 0.490132 0.685279 0.526914 0.274112
19 0.738038 0.602792 0.022727 0.038071
24 0.738935 0.644036 0.023325 0.039340
24 0.740132 0.684010 0.020933 0.040609
24 0.741328 0.725888 0.023325 0.043147
24 0.740730 0.769036 0.024522 0.043147
9 0.757775 0.339467 0.021531 0.412437
9 0.760167 0.326142 0.017943 0.322335
9 0.760467 0.684010 0.014952 0.263959
9 0.759569 0.661802 0.015550 0.168782
22 0.774821 0.055203 0.013756 0.024112