22 0.984151 0.017132 0.011364 0.024112
32 0.963517 0.013325 0.014354 0.019036
0 0.020933 0.046320 0.032297 0.026650
0 0.061902 0.045051 0.042464 0.029188
0 0.111842 0.045051 0.053828 0.029188
0 0.178230 0.047589 0.077751 0.024112
23 0.075957 0.079949 0.022727 0.032995
24 0.046950 0.079315 0.024522 0.029188
28 0.019438 0.080584 0.028110 0.031726
19 0.140849 0.083756 0.026914 0.032995
22 0.107057 0.081853 0.026316 0.036802
19 0.983553 0.080584 0.020933 0.039340
19 0.950359 0.079315 0.029904 0.034264
19 0.915371 0.114213 0.018541 0.035533
19 0.937799 0.119924 0.019139 0.034264
19 0.960227 0.118655 0.023325 0.034264
19 0.982656 0.119289 0.015550 0.032995
19 0.066687 0.513959 0.019737 0.027919
19 0.094797 0.511421 0.025718 0.027919
19 0.118421 0.508249 0.019139 0.026650
19 0.977871 0.939721 0.027512 0.026650
19 0.918062 0.939721 0.072967 0.029188
19 0.019139 0.942893 0.022727 0.032995
19 0.048744 0.939721 0.022129 0.029188
30 0.014055 0.904188 0.013756 0.019036
20 0.500299 0.498096 0.700359 0.884518
0 0.787081 0.234772 0.056220 0.032995
0 0.783792 0.280457 0.055622 0.030457
0 0.784091 0.614213 0.056220 0.032995
0 0.781400 0.712563 0.053230 0.026650
0 0.718900 0.904188 0.078947 0.036802
0 0.801734 0.902919 0.075957 0.034264
0 0.373206 0.815990 0.014354 0.025381
3 0.487141 0.236041 0.523325 0.027919
3 0.485646 0.718274 0.525120 0.032995
3 0.525120 0.614848 0.452153 0.031726
4 0.198864 0.570431 0.016148 0.029188
4 0.198864 0.612310 0.018541 0.024112
4 0.199163 0.815355 0.011962 0.026650
4 0.404605 0.567259 0.018541 0.025381
4 0.613038 0.563452 0.017943 0.038071
3 0.471292 0.312183 0.547847 0.043147
5 0.355861 0.818528 0.052632 0.040609
22 0.837620 0.079315 0.019737 0.026650
13 0.226675 0.135152 0.125598 0.046954
12 0.194976 0.135787 0.051435 0.035533
12 0.253888 0.135787 0.058014 0.030457