22 0.984151 0.017132 0.011364 0.024112
32 0.963517 0.013325 0.014354 0.019036
0 0.020933 0.046320 0.032297 0.026650
0 0.061902 0.045051 0.042464 0.029188
0 0.111842 0.045051 0.053828 0.029188
0 0.178230 0.047589 0.077751 0.024112
23 0.075957 0.079949 0.022727 0.032995
24 0.046950 0.079315 0.024522 0.029188
28 0.019438 0.080584 0.028110 0.031726
19 0.140849 0.083756 0.026914 0.032995
22 0.107057 0.081853 0.026316 0.036802
19 0.983553 0.080584 0.020933 0.039340
19 0.950359 0.079315 0.029904 0.034264
19 0.891746 0.113579 0.025120 0.034264
19 0.915371 0.114213 0.018541 0.035533
19 0.937799 0.119924 0.019139 0.034264
19 0.960227 0.118655 0.023325 0.034264
19 0.982656 0.119289 0.015550 0.032995
19 0.066687 0.513959 0.019737 0.027919
19 0.094797 0.511421 0.025718 0.027919
19 0.118421 0.508249 0.019139 0.026650
3 0.954246 0.192259 0.085526 0.029188
3 0.954545 0.224619 0.084928 0.035533
3 0.954844 0.261421 0.085526 0.038071
19 0.977871 0.939721 0.027512 0.026650
19 0.918062 0.939721 0.072967 0.029188
19 0.743122 0.940990 0.023325 0.021574
19 0.019139 0.942893 0.022727 0.032995
19 0.048744 0.939721 0.022129 0.029188
30 0.014055 0.904188 0.013756 0.019036
20 0.498206 0.500635 0.702153 0.897208
22 0.836423 0.073604 0.018541 0.025381
0 0.820275 0.170685 0.014952 0.021574
0 0.822069 0.847716 0.016148 0.017766
9 0.821172 0.514594 0.017943 0.711929
9 0.820873 0.290609 0.018541 0.218274