22 0.984151 0.017132 0.011364 0.024112
32 0.963517 0.013325 0.014354 0.019036
0 0.020933 0.046320 0.032297 0.026650
0 0.061902 0.045051 0.042464 0.029188
0 0.111842 0.045051 0.053828 0.029188
0 0.178230 0.047589 0.077751 0.024112
26 0.618720 0.124365 0.025718 0.043147
25 0.648026 0.125635 0.022129 0.038071
19 0.983553 0.080584 0.020933 0.039340
19 0.950359 0.079315 0.029904 0.034264
19 0.891746 0.113579 0.025120 0.034264
19 0.915371 0.114213 0.018541 0.035533
19 0.937799 0.119924 0.019139 0.034264
19 0.960227 0.118655 0.023325 0.034264
19 0.982656 0.119289 0.015550 0.032995
19 0.676435 0.122462 0.022727 0.039340
19 0.702452 0.123096 0.020933 0.032995
19 0.728768 0.121827 0.022129 0.035533
19 0.366328 0.124365 0.026914 0.045685
19 0.394438 0.123096 0.023325 0.043147
19 0.422249 0.121827 0.023923 0.043147
19 0.451854 0.123096 0.025718 0.043147
19 0.479067 0.119924 0.023923 0.046954
19 0.506280 0.123096 0.022129 0.032995
9 0.741328 0.789975 0.016148 0.275381
9 0.741029 0.783629 0.015550 0.227157
0 0.740132 0.662437 0.016148 0.017766
0 0.741926 0.912437 0.016148 0.022843
19 0.735945 0.630711 0.025718 0.032995
19 0.977871 0.939721 0.027512 0.026650
19 0.918062 0.939721 0.072967 0.029188
19 0.743122 0.940990 0.023325 0.021574
19 0.019139 0.942893 0.022727 0.032995
19 0.048744 0.939721 0.022129 0.029188
30 0.014055 0.904188 0.013756 0.019036
13 0.873206 0.898477 0.244019 0.038071
12 0.785885 0.894036 0.064593 0.034264
12 0.864833 0.894036 0.093301 0.031726
12 0.950359 0.895939 0.069378 0.035533
19 0.533493 0.123731 0.022727 0.041878
0 0.173146 0.083756 0.323565 0.030457
0 0.172548 0.116117 0.325957 0.036802
0 0.171352 0.357868 0.317584 0.032995
0 0.169557 0.389594 0.321172 0.030457
0 0.172548 0.421320 0.327153 0.032995
0 0.172548 0.454949 0.327153 0.034264
0 0.167464 0.492386 0.316986 0.040609
0 0.168959 0.527284 0.313995 0.029188
0 0.169856 0.564086 0.315789 0.044416
0 0.170455 0.601523 0.314593 0.032995
0 0.168959 0.633883 0.311603 0.031726
7 0.170455 0.344543 0.334928 0.625635