22 0.984151 0.017132 0.011364 0.024112
32 0.963517 0.013325 0.014354 0.019036
0 0.020933 0.046320 0.032297 0.026650
0 0.061902 0.045051 0.042464 0.029188
0 0.111842 0.045051 0.053828 0.029188
0 0.178230 0.047589 0.077751 0.024112
23 0.075957 0.079949 0.022727 0.032995
24 0.046950 0.079315 0.024522 0.029188
28 0.019438 0.080584 0.028110 0.031726
19 0.140849 0.083756 0.026914 0.032995
19 0.170455 0.079315 0.026316 0.034264
22 0.107057 0.081853 0.026316 0.036802
19 0.983553 0.080584 0.020933 0.039340
19 0.950359 0.079315 0.029904 0.034264
19 0.891746 0.113579 0.025120 0.034264
19 0.915371 0.114213 0.018541 0.035533
19 0.937799 0.119924 0.019139 0.034264
19 0.960227 0.118655 0.023325 0.034264
19 0.982656 0.119289 0.015550 0.032995
19 0.195574 0.120558 0.027512 0.045685
19 0.066687 0.513959 0.019737 0.027919
19 0.094797 0.511421 0.025718 0.027919
19 0.118421 0.508249 0.019139 0.026650
0 0.741926 0.912437 0.016148 0.022843
19 0.159091 0.120558 0.025120 0.032995
0 0.085825 0.151650 0.165670 0.026650
3 0.954246 0.192259 0.085526 0.029188
3 0.954545 0.224619 0.084928 0.035533
3 0.954844 0.261421 0.085526 0.038071
3 0.952452 0.330584 0.080742 0.031726
3 0.953050 0.395305 0.081938 0.029188
3 0.867225 0.190355 0.084928 0.030457
3 0.868720 0.222081 0.081938 0.032995
3 0.868122 0.258883 0.080742 0.040609
3 0.868421 0.329949 0.080144 0.030457
3 0.869019 0.397843 0.082536 0.034264
19 0.977871 0.939721 0.027512 0.026650
19 0.918062 0.939721 0.072967 0.029188
19 0.743122 0.940990 0.023325 0.021574
19 0.019139 0.942893 0.022727 0.032995
19 0.048744 0.939721 0.022129 0.029188
30 0.014055 0.904188 0.013756 0.019036
19 0.159091 0.512056 0.014354 0.034264
0 0.658792 0.857234 0.073565 0.036802
0 0.741029 0.860406 0.070574 0.030457
0 0.712919 0.782360 0.094498 0.036802
0 0.712919 0.180203 0.080144 0.038071
0 0.709031 0.272208 0.075957 0.036802
20 0.497907 0.461929 0.584330 0.868020
13 0.281699 0.109772 0.127990 0.044416
12 0.250598 0.107868 0.053828 0.038071
12 0.309510 0.107234 0.063995 0.036802
0 0.348684 0.277919 0.015550 0.025381
5 0.304725 0.278553 0.109450 0.039340
14 0.499103 0.381980 0.500598 0.149746
3 0.501794 0.177030 0.332536 0.039340
3 0.513756 0.282360 0.300239 0.039340
3 0.346591 0.354061 0.189593 0.045685
3 0.348385 0.395939 0.186005 0.038071
3 0.347488 0.435914 0.184211 0.041878
3 0.593002 0.438452 0.306818 0.036802
3 0.593900 0.397843 0.305024 0.044416
3 0.595096 0.352792 0.306220 0.035533
4 0.254785 0.726523 0.023923 0.026650
22 0.775120 0.051396 0.017943 0.026650