22 0.984151 0.017132 0.011364 0.024112
32 0.963517 0.013325 0.014354 0.019036
0 0.020933 0.046320 0.032297 0.026650
0 0.061902 0.045051 0.042464 0.029188
0 0.111842 0.045051 0.053828 0.029188
0 0.178230 0.047589 0.077751 0.024112
23 0.075957 0.079949 0.022727 0.032995
24 0.046950 0.079315 0.024522 0.029188
28 0.019438 0.080584 0.028110 0.031726
26 0.618720 0.124365 0.025718 0.043147
25 0.648026 0.125635 0.022129 0.038071
19 0.140849 0.083756 0.026914 0.032995
19 0.170455 0.079315 0.026316 0.034264
19 0.203648 0.079315 0.024522 0.029188
19 0.236842 0.081218 0.029904 0.038071
19 0.264653 0.081853 0.019737 0.031726
19 0.295455 0.079315 0.029904 0.029188
22 0.107057 0.081853 0.026316 0.036802
19 0.983553 0.080584 0.020933 0.039340
19 0.950359 0.079315 0.029904 0.034264
19 0.891746 0.113579 0.025120 0.034264
19 0.915371 0.114213 0.018541 0.035533
19 0.937799 0.119924 0.019139 0.034264
19 0.960227 0.118655 0.023325 0.034264
19 0.982656 0.119289 0.015550 0.032995
19 0.676435 0.122462 0.022727 0.039340
19 0.702452 0.123096 0.020933 0.032995
19 0.728768 0.121827 0.022129 0.035533
19 0.195574 0.120558 0.027512 0.045685
19 0.225478 0.123731 0.021531 0.031726
19 0.251495 0.126904 0.031699 0.032995
19 0.278110 0.124365 0.022727 0.038071
19 0.305921 0.121193 0.028110 0.049492
19 0.337919 0.123731 0.029904 0.041878
19 0.366328 0.124365 0.026914 0.045685
19 0.394438 0.123096 0.023325 0.043147
19 0.422249 0.121827 0.023923 0.043147
19 0.451854 0.123096 0.025718 0.043147
19 0.479067 0.119924 0.023923 0.046954
19 0.506280 0.123096 0.022129 0.032995
19 0.066687 0.513959 0.019737 0.027919
19 0.094797 0.511421 0.025718 0.027919
19 0.118421 0.508249 0.019139 0.026650
9 0.741328 0.789975 0.016148 0.275381
9 0.741029 0.783629 0.015550 0.227157
0 0.740132 0.662437 0.016148 0.017766
0 0.741926 0.912437 0.016148 0.022843
19 0.159091 0.120558 0.025120 0.032995
0 0.085825 0.151650 0.165670 0.026650
19 0.735945 0.630711 0.025718 0.032995
19 0.977871 0.939721 0.027512 0.026650
19 0.918062 0.939721 0.072967 0.029188
19 0.743122 0.940990 0.023325 0.021574
19 0.019139 0.942893 0.022727 0.032995
19 0.048744 0.939721 0.022129 0.029188
30 0.014055 0.904188 0.013756 0.019036
19 0.159091 0.512056 0.014354 0.034264
13 0.873206 0.898477 0.244019 0.038071
12 0.785885 0.894036 0.064593 0.034264
12 0.864833 0.894036 0.093301 0.031726
12 0.950359 0.895939 0.069378 0.035533
19 0.160885 0.906091 0.015550 0.022843
19 0.529306 0.122462 0.020335 0.031726