22 0.984151 0.017132 0.011364 0.024112
32 0.963517 0.013325 0.014354 0.019036
0 0.020933 0.046320 0.032297 0.026650
0 0.061902 0.045051 0.042464 0.029188
0 0.111842 0.045051 0.053828 0.029188
0 0.178230 0.047589 0.077751 0.024112
23 0.075957 0.079949 0.022727 0.032995
24 0.046950 0.079315 0.024522 0.029188
28 0.019438 0.080584 0.028110 0.031726
19 0.140849 0.083756 0.026914 0.032995
19 0.170455 0.079315 0.026316 0.034264
22 0.107057 0.081853 0.026316 0.036802
19 0.983553 0.080584 0.020933 0.039340
19 0.950359 0.079315 0.029904 0.034264
19 0.915371 0.114213 0.018541 0.035533
19 0.937799 0.119924 0.019139 0.034264
19 0.960227 0.118655 0.023325 0.034264
19 0.982656 0.119289 0.015550 0.032995
19 0.195574 0.120558 0.027512 0.045685
19 0.066687 0.513959 0.019737 0.027919
19 0.094797 0.511421 0.025718 0.027919
19 0.118421 0.508249 0.019139 0.026650
19 0.159091 0.120558 0.025120 0.032995
0 0.085825 0.151650 0.165670 0.026650
19 0.977871 0.939721 0.027512 0.026650
19 0.019139 0.942893 0.022727 0.032995
19 0.048744 0.939721 0.022129 0.029188
30 0.014055 0.904188 0.013756 0.019036
19 0.159091 0.512056 0.014354 0.034264
20 0.557416 0.504442 0.702153 0.876904
22 0.893541 0.087563 0.019139 0.020305
9 0.878289 0.526015 0.016148 0.709391
0 0.877990 0.177665 0.015550 0.022843
0 0.878888 0.864213 0.017344 0.032995
13 0.286184 0.141497 0.126196 0.041878
12 0.252691 0.142132 0.054426 0.022843
12 0.313696 0.144670 0.065191 0.030457
4 0.936005 0.590736 0.016746 0.029188
4 0.937799 0.647843 0.016746 0.041878
10 0.530502 0.911802 0.388756 0.041878