22 0.984151 0.017132 0.011364 0.024112
32 0.963517 0.013325 0.014354 0.019036
0 0.020933 0.046320 0.032297 0.026650
0 0.061902 0.045051 0.042464 0.029188
0 0.111842 0.045051 0.053828 0.029188
0 0.178230 0.047589 0.077751 0.024112
23 0.075957 0.079949 0.022727 0.032995
24 0.046950 0.079315 0.024522 0.029188
28 0.019438 0.080584 0.028110 0.031726
19 0.140849 0.083756 0.026914 0.032995
19 0.170455 0.079315 0.026316 0.034264
19 0.203648 0.079315 0.024522 0.029188
22 0.107057 0.081853 0.026316 0.036802
19 0.983553 0.080584 0.020933 0.039340
19 0.950359 0.079315 0.029904 0.034264
19 0.915371 0.114213 0.018541 0.035533
19 0.937799 0.119924 0.019139 0.034264
19 0.960227 0.118655 0.023325 0.034264
19 0.982656 0.119289 0.015550 0.032995
19 0.195574 0.120558 0.027512 0.045685
19 0.066687 0.513959 0.019737 0.027919
19 0.094797 0.511421 0.025718 0.027919
19 0.118421 0.508249 0.019139 0.026650
19 0.159091 0.120558 0.025120 0.032995
0 0.085825 0.151650 0.165670 0.026650
19 0.977871 0.939721 0.027512 0.026650
19 0.019139 0.942893 0.022727 0.032995
19 0.048744 0.939721 0.022129 0.029188
30 0.014055 0.904188 0.013756 0.019036
19 0.159091 0.512056 0.014354 0.034264
0 0.778409 0.915609 0.075957 0.036802
0 0.859450 0.912437 0.075359 0.030457
0 0.878589 0.595812 0.016746 0.016497
0 0.878888 0.180838 0.013756 0.019036
22 0.895036 0.090102 0.017344 0.022843
9 0.878888 0.391497 0.020933 0.437817
9 0.880682 0.335025 0.018541 0.279188
13 0.284689 0.141497 0.130383 0.046954
12 0.249103 0.140863 0.058014 0.030457
12 0.313098 0.139594 0.067584 0.040609
21 0.549043 0.389594 0.638756 0.428934
14 0.557416 0.652284 0.655502 0.073604
24 0.871711 0.660533 0.023325 0.039340
3 0.579844 0.661168 0.556818 0.035533
3 0.267045 0.659264 0.067584 0.046954
4 0.936005 0.589467 0.015550 0.024112
4 0.936304 0.647843 0.019737 0.029188
20 0.559510 0.512056 0.697967 0.884518