32 0.915670 0.026650 0.027512 0.035533
22 0.971292 0.026650 0.026316 0.038071
0 0.017644 0.064086 0.025718 0.026650
0 0.056519 0.065355 0.036483 0.021574
0 0.101974 0.067893 0.043660 0.029188
0 0.146232 0.067893 0.040072 0.034264
19 0.959330 0.109137 0.038278 0.050761
19 0.989833 0.109137 0.016746 0.038071
19 0.805323 0.114848 0.041268 0.041878
19 0.671352 0.114848 0.040072 0.049492
19 0.591208 0.105964 0.038876 0.049492
35 0.742823 0.109772 0.044258 0.034264
35 0.898624 0.114848 0.043660 0.041878
0 0.910885 0.118020 0.011962 0.025381
0 0.753888 0.114213 0.019737 0.025381
19 0.034988 0.114848 0.031699 0.046954
0 0.448565 0.108503 0.020335 0.031726
35 0.489234 0.111675 0.028708 0.040609
4 0.415072 0.211929 0.015550 0.030457
4 0.416268 0.241117 0.014354 0.027919
4 0.415371 0.273477 0.013756 0.031726
4 0.415670 0.305838 0.015550 0.032995
4 0.415072 0.346447 0.014354 0.048223
4 0.412679 0.383883 0.019139 0.026650
4 0.412081 0.413071 0.016746 0.031726
4 0.415072 0.444797 0.010766 0.031726
4 0.099581 0.139594 0.014952 0.022843
0 0.223983 0.099619 0.261364 0.024112
0 0.222787 0.130076 0.263756 0.036802
0 0.233852 0.168782 0.285885 0.040609
0 0.233852 0.203680 0.285885 0.029188
0 0.208732 0.239213 0.235646 0.041878
0 0.208433 0.277284 0.237440 0.034264
0 0.211124 0.314721 0.242823 0.040609
0 0.212919 0.350888 0.239234 0.031726
7 0.241627 0.215736 0.318182 0.312183
8 0.496411 0.330584 0.241627 0.282995