32 0.915670 0.026650 0.027512 0.035533
22 0.971292 0.026650 0.026316 0.038071
0 0.017644 0.064086 0.025718 0.026650
0 0.056519 0.065355 0.036483 0.021574
0 0.101974 0.067893 0.043660 0.029188
0 0.146232 0.067893 0.040072 0.034264
19 0.959330 0.109137 0.038278 0.050761
19 0.989833 0.109137 0.016746 0.038071
19 0.805323 0.114848 0.041268 0.041878
19 0.671352 0.114848 0.040072 0.049492
19 0.591208 0.105964 0.038876 0.049492
35 0.742823 0.109772 0.044258 0.034264
35 0.898624 0.114848 0.043660 0.041878
0 0.910885 0.118020 0.011962 0.025381
0 0.753888 0.114213 0.019737 0.025381
19 0.034988 0.114848 0.031699 0.046954
0 0.448565 0.108503 0.020335 0.031726
19 0.075658 0.113579 0.034091 0.044416
19 0.116926 0.111675 0.031699 0.045685
5 0.362141 0.106599 0.213517 0.038071
30 0.232656 0.110406 0.032297 0.043147
35 0.489234 0.111675 0.028708 0.040609
20 0.499402 0.505711 0.385167 0.184010
4 0.384270 0.515228 0.014952 0.040609
4 0.020036 0.800761 0.022129 0.025381
4 0.011962 0.664340 0.019139 0.021574
4 0.145933 0.665609 0.016746 0.024112
0 0.633373 0.563452 0.099282 0.025381
0 0.531100 0.565355 0.099282 0.031726
3 0.217105 0.712563 0.358852 0.026650
3 0.151017 0.533629 0.285287 0.209391
13 0.188098 0.385787 0.367823 0.045685
12 0.325658 0.384518 0.085526 0.040609
12 0.211423 0.383883 0.151316 0.039340
12 0.069378 0.380711 0.132775 0.045685
22 0.669258 0.439086 0.022727 0.030457