0 0.021232 0.063452 0.036483 0.030457
0 0.059809 0.063452 0.034689 0.025381
0 0.099282 0.062817 0.038278 0.021574
0 0.144438 0.068528 0.043660 0.025381
32 0.831340 0.142132 0.025120 0.022843
22 0.889354 0.149112 0.027512 0.031726
20 0.540969 0.504442 0.757775 0.767766
30 0.734151 0.281726 0.019737 0.027919
30 0.496112 0.282360 0.022129 0.029188
30 0.252392 0.281091 0.019139 0.034264
0 0.212620 0.211294 0.049641 0.044416
0 0.270933 0.218274 0.052632 0.038071
0 0.328349 0.220178 0.047847 0.036802
0 0.499103 0.220178 0.044856 0.029188
0 0.901017 0.467005 0.014952 0.022843
0 0.900120 0.633883 0.014354 0.019036
0 0.901316 0.801396 0.016746 0.024112
0 0.177931 0.462563 0.018541 0.019036
0 0.180024 0.632614 0.017943 0.021574
0 0.181220 0.804569 0.017943 0.025381
4 0.578050 0.842005 0.023325 0.034264
4 0.670754 0.842005 0.020933 0.036802
4 0.767943 0.847081 0.021531 0.031726
9 0.540670 0.465102 0.736842 0.026650
9 0.787978 0.463198 0.211124 0.032995
9 0.541567 0.633249 0.739833 0.027919
9 0.717703 0.633249 0.343301 0.025381
9 0.540969 0.802030 0.738636 0.032995
9 0.696770 0.804569 0.391148 0.027919
3 0.332237 0.281726 0.139354 0.025381
3 0.577751 0.284264 0.136364 0.030457
3 0.811902 0.281726 0.133373 0.032995
0 0.545754 0.216371 0.018541 0.029188
19 0.036782 0.111675 0.034091 0.040609
19 0.076854 0.109137 0.035287 0.050761
19 0.117524 0.112310 0.035287 0.044416
19 0.959031 0.111675 0.032895 0.038071
4 0.018840 0.802030 0.025718 0.043147
4 0.013158 0.447335 0.019139 0.036802
0 0.010167 0.568528 0.013158 0.022843
0 0.011065 0.374365 0.012560 0.015228
0 0.009868 0.315355 0.011364 0.016497