22 0.924043 0.145939 0.020335 0.030457
0 0.083732 0.819162 0.099282 0.034264
20 0.489533 0.487310 0.928828 0.730964
0 0.021232 0.063452 0.036483 0.030457
0 0.059809 0.063452 0.034689 0.025381
0 0.099282 0.062817 0.038278 0.021574
0 0.144438 0.068528 0.043660 0.025381
0 0.839414 0.761421 0.098684 0.027919
0 0.839414 0.798223 0.098684 0.032995
19 0.781998 0.216371 0.025718 0.034264
19 0.752990 0.215736 0.026316 0.040609
19 0.719797 0.213832 0.026914 0.044416
19 0.844797 0.217640 0.030502 0.031726
19 0.876495 0.215102 0.028110 0.046954
28 0.812500 0.217005 0.024522 0.040609
29 0.813995 0.162437 0.022727 0.030457
22 0.868720 0.165609 0.023325 0.034264
20 0.530801 0.488579 0.735048 0.697970
3 0.519737 0.764594 0.529904 0.036802
3 0.468600 0.218909 0.424043 0.041878
0 0.692285 0.217640 0.020933 0.036802
34 0.479665 0.216371 0.449761 0.041878