22 0.889952 0.022843 0.021531 0.032995
32 0.834928 0.024112 0.021531 0.022843
20 0.505383 0.496193 0.828947 0.992386
0 0.178230 0.071701 0.156699 0.021574
0 0.177033 0.095178 0.159091 0.025381
0 0.177033 0.116751 0.159091 0.020305
0 0.178529 0.140228 0.159689 0.026650
0 0.178529 0.164340 0.159689 0.021574
0 0.178828 0.185279 0.160287 0.020305
0 0.179426 0.206218 0.159091 0.021574
0 0.178529 0.229061 0.159689 0.019036
0 0.178529 0.250000 0.159689 0.022843
0 0.178230 0.270939 0.159091 0.019036
0 0.179127 0.292513 0.157297 0.024112
0 0.178828 0.316624 0.156699 0.024112
0 0.178230 0.337563 0.157895 0.017766
0 0.178828 0.357868 0.159091 0.022843
0 0.178828 0.380076 0.159091 0.021574
0 0.018541 0.060279 0.025120 0.031726
0 0.058911 0.062817 0.031699 0.026650
19 0.960825 0.114213 0.034091 0.050761
19 0.033792 0.114848 0.031699 0.044416
19 0.071172 0.109772 0.028708 0.044416
4 0.650419 0.154822 0.020933 0.022843
4 0.458433 0.125000 0.019737 0.021574
0 0.877691 0.449873 0.013756 0.016497
0 0.670754 0.501269 0.441986 0.032995
0 0.671352 0.162437 0.440789 0.030457
0 0.669258 0.211294 0.440191 0.031726
0 0.670455 0.250635 0.443780 0.039340
0 0.671053 0.292513 0.443780 0.029188
0 0.670455 0.329315 0.441388 0.034264
0 0.671950 0.371827 0.440789 0.030457
0 0.670754 0.410533 0.437201 0.036802
5 0.671651 0.454315 0.442584 0.038071