22 0.889952 0.022843 0.021531 0.032995
32 0.834928 0.024112 0.021531 0.022843
20 0.505383 0.496193 0.828947 0.992386
0 0.178230 0.071701 0.156699 0.021574
0 0.177033 0.095178 0.159091 0.025381
0 0.177033 0.116751 0.159091 0.020305
0 0.178529 0.140228 0.159689 0.026650
0 0.178529 0.164340 0.159689 0.021574
0 0.178828 0.185279 0.160287 0.020305
0 0.179426 0.206218 0.159091 0.021574
0 0.178529 0.229061 0.159689 0.019036
0 0.178529 0.250000 0.159689 0.022843
0 0.178230 0.270939 0.159091 0.019036
0 0.179127 0.292513 0.157297 0.024112
0 0.178828 0.316624 0.156699 0.024112
0 0.178230 0.337563 0.157895 0.017766
0 0.178828 0.357868 0.159091 0.022843
0 0.178828 0.380076 0.159091 0.021574
0 0.015251 0.062817 0.026914 0.034264
0 0.056818 0.062183 0.025120 0.022843
0 0.876794 0.132614 0.013158 0.024112
0 0.879486 0.230964 0.014952 0.020305
0 0.879785 0.274746 0.016746 0.026650
0 0.879187 0.399746 0.015550 0.027919
5 0.658493 0.131980 0.467703 0.038071
5 0.696172 0.232868 0.393541 0.036802
5 0.696471 0.274746 0.395335 0.036802
5 0.702452 0.404822 0.382177 0.045685
4 0.510766 0.309010 0.016746 0.026650
19 0.963816 0.112944 0.041268 0.043147
19 0.032895 0.109137 0.038278 0.048223
19 0.073864 0.112944 0.032895 0.053299