22 0.889952 0.022843 0.021531 0.032995
32 0.834928 0.024112 0.021531 0.022843
20 0.505383 0.496193 0.828947 0.992386
0 0.178230 0.071701 0.156699 0.021574
0 0.177033 0.095178 0.159091 0.025381
0 0.177033 0.116751 0.159091 0.020305
0 0.178529 0.140228 0.159689 0.026650
0 0.178529 0.164340 0.159689 0.021574
0 0.178828 0.185279 0.160287 0.020305
0 0.179426 0.206218 0.159091 0.021574
0 0.178529 0.229061 0.159689 0.019036
0 0.178529 0.250000 0.159689 0.022843
0 0.178230 0.270939 0.159091 0.019036
0 0.179127 0.292513 0.157297 0.024112
0 0.178828 0.316624 0.156699 0.024112
0 0.178230 0.337563 0.157895 0.017766
0 0.178828 0.357868 0.159091 0.022843
0 0.178828 0.380076 0.159091 0.021574
4 0.552931 0.084391 0.022129 0.029188
4 0.552033 0.150381 0.017943 0.026650
0 0.723983 0.116751 0.363038 0.030457
0 0.888756 0.213198 0.019139 0.025381
5 0.724282 0.214467 0.358852 0.038071
4 0.550538 0.178934 0.016148 0.020305
19 0.034988 0.109772 0.035287 0.046954
19 0.073864 0.108503 0.030502 0.044416
19 0.958732 0.110406 0.033493 0.055838
0 0.017943 0.062183 0.023923 0.032995
0 0.059510 0.062183 0.029306 0.020305