0 0.099880 0.061548 0.130383 0.019036
0 0.099581 0.083122 0.130981 0.024112
0 0.099581 0.105964 0.130981 0.021574
0 0.099282 0.128173 0.130383 0.020305
0 0.098086 0.364848 0.125598 0.024112
0 0.097787 0.339467 0.125000 0.021574
0 0.098983 0.319162 0.123804 0.024112
0 0.097787 0.296320 0.123804 0.026650
0 0.097787 0.276015 0.121411 0.021574
0 0.098086 0.253173 0.125598 0.024112
0 0.098385 0.233503 0.126196 0.025381
0 0.097488 0.170051 0.124402 0.020305
0 0.099282 0.189721 0.126794 0.019036
0 0.099282 0.210025 0.126794 0.021574
0 0.100478 0.144670 0.130383 0.027919
4 0.470694 0.119924 0.023923 0.031726
4 0.471292 0.201142 0.023923 0.031726
4 0.472189 0.234137 0.024522 0.024112
4 0.471591 0.261421 0.022129 0.027919
3 0.728469 0.343274 0.531100 0.036802
3 0.728768 0.298223 0.531699 0.038071
3 0.722787 0.156726 0.522129 0.034264