0 0.021232 0.063452 0.036483 0.030457
0 0.059809 0.063452 0.034689 0.025381
0 0.099282 0.062817 0.038278 0.021574
0 0.144438 0.068528 0.043660 0.025381
20 0.532596 0.567259 0.825957 0.850254
22 0.916567 0.169416 0.053230 0.041878
29 0.861543 0.165609 0.016148 0.029188
2 0.545156 0.250635 0.020933 0.029188
2 0.153708 0.252538 0.019139 0.027919
4 0.787679 0.876904 0.021531 0.032995
4 0.787978 0.923223 0.022129 0.034264
0 0.495514 0.925761 0.547249 0.044416
0 0.534390 0.970812 0.098684 0.035533
19 0.033493 0.111041 0.037081 0.049492
19 0.077153 0.109772 0.034689 0.039340
19 0.117225 0.114848 0.037081 0.046954
19 0.489234 0.115482 0.029904 0.032995
19 0.592105 0.115482 0.031100 0.043147
19 0.669258 0.111675 0.031100 0.040609
19 0.729964 0.113579 0.022129 0.046954
19 0.806220 0.112310 0.029904 0.041878
19 0.883074 0.113579 0.029306 0.044416
19 0.961423 0.109137 0.036483 0.055838
4 0.011962 0.445431 0.019139 0.020305
4 0.020634 0.802665 0.016148 0.034264
0 0.009270 0.312817 0.012560 0.024112
0 0.010467 0.373096 0.013756 0.015228
0 0.452751 0.111041 0.017943 0.026650
5 0.359151 0.112310 0.212321 0.041878
30 0.233852 0.112310 0.031100 0.044416