32 0.915670 0.026650 0.027512 0.035533
22 0.971292 0.026650 0.026316 0.038071
0 0.017644 0.064086 0.025718 0.026650
0 0.056519 0.065355 0.036483 0.021574
0 0.101974 0.067893 0.043660 0.029188
0 0.146232 0.067893 0.040072 0.034264
19 0.959330 0.109137 0.038278 0.050761
19 0.989833 0.109137 0.016746 0.038071
19 0.805323 0.114848 0.041268 0.041878
19 0.671352 0.114848 0.040072 0.049492
19 0.591208 0.105964 0.038876 0.049492
35 0.742823 0.109772 0.044258 0.034264
35 0.898624 0.114848 0.043660 0.041878
0 0.910885 0.118020 0.011962 0.025381
0 0.753888 0.114213 0.019737 0.025381
19 0.034988 0.114848 0.031699 0.046954
0 0.448565 0.108503 0.020335 0.031726
35 0.489234 0.111675 0.028708 0.040609
0 0.238935 0.102792 0.300837 0.030457
0 0.238038 0.137690 0.302632 0.039340
0 0.240431 0.177665 0.306220 0.032995
0 0.243421 0.210660 0.300239 0.032995
0 0.245215 0.243020 0.303828 0.031726
0 0.241627 0.275381 0.311005 0.032995
0 0.239833 0.309645 0.307416 0.035533
0 0.236842 0.345178 0.313397 0.035533
4 0.101675 0.137056 0.025120 0.027919
7 0.241926 0.211294 0.317584 0.323604