32 0.915670 0.026650 0.027512 0.035533
22 0.971292 0.026650 0.026316 0.038071
0 0.017644 0.064086 0.025718 0.026650
0 0.056519 0.065355 0.036483 0.021574
0 0.101974 0.067893 0.043660 0.029188
0 0.146232 0.067893 0.040072 0.034264
19 0.959330 0.109137 0.038278 0.050761
19 0.989833 0.109137 0.016746 0.038071
19 0.805323 0.114848 0.041268 0.041878
19 0.671352 0.114848 0.040072 0.049492
19 0.591208 0.105964 0.038876 0.049492
35 0.742823 0.109772 0.044258 0.034264
35 0.898624 0.114848 0.043660 0.041878
0 0.910885 0.118020 0.011962 0.025381
0 0.753888 0.114213 0.019737 0.025381
19 0.034988 0.114848 0.031699 0.046954
0 0.448565 0.108503 0.020335 0.031726
19 0.075658 0.113579 0.034091 0.044416
19 0.116926 0.111675 0.031699 0.045685
5 0.362141 0.106599 0.213517 0.038071
30 0.232656 0.110406 0.032297 0.043147
35 0.489234 0.111675 0.028708 0.040609
20 0.287679 0.569162 0.574163 0.851523
0 0.517045 0.712563 0.097488 0.029188
0 0.011364 0.313452 0.014354 0.022843
0 0.011065 0.378173 0.011364 0.025381
0 0.011364 0.450508 0.011962 0.025381
0 0.009569 0.611675 0.011962 0.020305
0 0.053529 0.711929 0.102273 0.025381
0 0.011065 0.749365 0.013756 0.016497
0 0.234749 0.713832 0.016148 0.026650
5 0.330443 0.414975 0.474282 0.035533
5 0.175239 0.710025 0.129187 0.031726
4 0.019737 0.799492 0.019139 0.030457
4 0.056220 0.648477 0.021531 0.027919
0 0.529007 0.488579 0.013756 0.032995
0 0.536782 0.404822 0.016148 0.017766
0 0.559809 0.369924 0.017943 0.024112
0 0.560407 0.655457 0.016746 0.021574
5 0.329246 0.567893 0.433612 0.191624