22 0.889952 0.022843 0.021531 0.032995
32 0.834928 0.024112 0.021531 0.022843
20 0.505383 0.496193 0.828947 0.992386
0 0.178230 0.071701 0.156699 0.021574
0 0.177033 0.095178 0.159091 0.025381
0 0.177033 0.116751 0.159091 0.020305
0 0.178529 0.140228 0.159689 0.026650
0 0.178529 0.164340 0.159689 0.021574
0 0.178828 0.185279 0.160287 0.020305
0 0.179426 0.206218 0.159091 0.021574
0 0.178529 0.229061 0.159689 0.019036
0 0.178529 0.250000 0.159689 0.022843
0 0.178230 0.270939 0.159091 0.019036
0 0.179127 0.292513 0.157297 0.024112
0 0.178828 0.316624 0.156699 0.024112
0 0.178230 0.337563 0.157895 0.017766
0 0.178828 0.357868 0.159091 0.022843
0 0.178828 0.380076 0.159091 0.021574
3 0.673146 0.110406 0.477871 0.030457
4 0.442883 0.073604 0.019737 0.027919
0 0.672548 0.153553 0.475478 0.038071
0 0.019737 0.063452 0.022727 0.025381
0 0.059510 0.065355 0.026914 0.026650
19 0.959629 0.104695 0.031699 0.039340
19 0.032895 0.113579 0.031100 0.044416
19 0.072069 0.109137 0.031699 0.043147