22 0.889952 0.022843 0.021531 0.032995
32 0.834928 0.024112 0.021531 0.022843
20 0.505383 0.496193 0.828947 0.992386
0 0.178230 0.071701 0.156699 0.021574
0 0.177033 0.095178 0.159091 0.025381
0 0.177033 0.116751 0.159091 0.020305
0 0.178529 0.140228 0.159689 0.026650
0 0.178529 0.164340 0.159689 0.021574
0 0.178828 0.185279 0.160287 0.020305
0 0.179426 0.206218 0.159091 0.021574
0 0.178529 0.229061 0.159689 0.019036
0 0.178529 0.250000 0.159689 0.022843
0 0.178230 0.270939 0.159091 0.019036
0 0.179127 0.292513 0.157297 0.024112
0 0.178828 0.316624 0.156699 0.024112
0 0.178230 0.337563 0.157895 0.017766
0 0.178828 0.357868 0.159091 0.022843
0 0.178828 0.380076 0.159091 0.021574
4 0.575957 0.125000 0.016746 0.021574
4 0.488038 0.213198 0.021531 0.025381
4 0.488337 0.243020 0.018541 0.021574
4 0.736244 0.216371 0.013158 0.026650
4 0.738038 0.242386 0.016746 0.025381
0 0.019737 0.064721 0.025120 0.020305
0 0.057715 0.064086 0.022129 0.021574
19 0.034689 0.115482 0.033493 0.045685
19 0.072667 0.110406 0.034091 0.040609
19 0.958732 0.107868 0.035885 0.048223