22 0.889952 0.022843 0.021531 0.032995
32 0.834928 0.024112 0.021531 0.022843
20 0.505383 0.496193 0.828947 0.992386
0 0.178230 0.071701 0.156699 0.021574
0 0.177033 0.095178 0.159091 0.025381
0 0.177033 0.116751 0.159091 0.020305
0 0.178529 0.140228 0.159689 0.026650
0 0.178529 0.164340 0.159689 0.021574
0 0.178828 0.185279 0.160287 0.020305
0 0.179426 0.206218 0.159091 0.021574
0 0.178529 0.229061 0.159689 0.019036
0 0.178529 0.250000 0.159689 0.022843
0 0.178230 0.270939 0.159091 0.019036
0 0.179127 0.292513 0.157297 0.024112
0 0.178828 0.316624 0.156699 0.024112
0 0.178230 0.337563 0.157895 0.017766
0 0.178828 0.357868 0.159091 0.022843
0 0.178828 0.380076 0.159091 0.021574
19 0.037081 0.112310 0.037081 0.052030
19 0.072368 0.112310 0.026316 0.044416
19 0.959031 0.116751 0.026914 0.040609
4 0.740132 0.088198 0.020933 0.021574
0 0.020933 0.066624 0.027512 0.024112
0 0.058612 0.070431 0.035885 0.021574
0 0.874402 0.177665 0.019139 0.020305
0 0.874402 0.196066 0.019139 0.016497
0 0.875299 0.289340 0.018541 0.017766
0 0.875598 0.307741 0.017943 0.019036
0 0.877093 0.405457 0.023325 0.016497
0 0.876794 0.420685 0.023923 0.013959
0 0.875000 0.515228 0.020335 0.020305
0 0.874701 0.532360 0.020933 0.013959
0 0.874701 0.630711 0.014952 0.017766
0 0.872608 0.645939 0.019139 0.012690
6 0.872608 0.185914 0.019139 0.036802
6 0.874402 0.298223 0.020335 0.038071
6 0.874701 0.413706 0.023325 0.027919
6 0.873206 0.520305 0.022727 0.030457
6 0.872907 0.637690 0.020933 0.031726
3 0.726077 0.184010 0.271531 0.035533
3 0.726077 0.299492 0.271531 0.032995
3 0.726376 0.411168 0.272129 0.030457
3 0.726077 0.524112 0.270335 0.032995
3 0.727572 0.638959 0.272129 0.024112