22 0.889952 0.022843 0.021531 0.032995
32 0.834928 0.024112 0.021531 0.022843
20 0.505383 0.496193 0.828947 0.992386
0 0.178230 0.071701 0.156699 0.021574
0 0.177033 0.095178 0.159091 0.025381
0 0.177033 0.116751 0.159091 0.020305
0 0.178529 0.140228 0.159689 0.026650
0 0.178529 0.164340 0.159689 0.021574
0 0.178828 0.185279 0.160287 0.020305
0 0.179426 0.206218 0.159091 0.021574
0 0.178529 0.229061 0.159689 0.019036
0 0.178529 0.250000 0.159689 0.022843
0 0.178230 0.270939 0.159091 0.019036
0 0.179127 0.292513 0.157297 0.024112
0 0.178828 0.316624 0.156699 0.024112
0 0.178230 0.337563 0.157895 0.017766
0 0.178828 0.357868 0.159091 0.022843
0 0.178828 0.380076 0.159091 0.021574
19 0.960526 0.106599 0.029904 0.040609
19 0.033792 0.111041 0.037679 0.041878
19 0.073565 0.109772 0.027512 0.044416
0 0.019438 0.061548 0.026914 0.026650
0 0.057715 0.064721 0.035287 0.030457
0 0.895634 0.140863 0.014952 0.020305
0 0.895933 0.158629 0.014354 0.015228
6 0.894139 0.149746 0.016746 0.035533
3 0.852871 0.150381 0.064593 0.031726
15 0.619617 0.148477 0.394737 0.038071
15 0.572368 0.145939 0.017943 0.032995
4 0.430323 0.083756 0.019737 0.030457
4 0.430323 0.114213 0.020933 0.027919