32 0.915670 0.026650 0.027512 0.035533
22 0.971292 0.026650 0.026316 0.038071
0 0.017644 0.064086 0.025718 0.026650
0 0.056519 0.065355 0.036483 0.021574
0 0.101974 0.067893 0.043660 0.029188
0 0.146232 0.067893 0.040072 0.034264
19 0.959330 0.109137 0.038278 0.050761
19 0.989833 0.109137 0.016746 0.038071
19 0.805323 0.114848 0.041268 0.041878
19 0.671352 0.114848 0.040072 0.049492
19 0.591208 0.105964 0.038876 0.049492
35 0.742823 0.109772 0.044258 0.034264
35 0.898624 0.114848 0.043660 0.041878
0 0.910885 0.118020 0.011962 0.025381
0 0.753888 0.114213 0.019737 0.025381
19 0.034988 0.114848 0.031699 0.046954
19 0.074462 0.112310 0.036483 0.041878
19 0.113636 0.112310 0.034689 0.039340
0 0.302931 0.095812 0.328349 0.034264
0 0.302033 0.131345 0.330144 0.036802
0 0.300837 0.169416 0.327751 0.039340
0 0.298445 0.205584 0.332536 0.035533
0 0.293361 0.244289 0.323565 0.044416
0 0.294856 0.283629 0.320574 0.036802
0 0.294856 0.318528 0.320574 0.032995
7 0.302333 0.196701 0.349880 0.281726