0 0.021232 0.063452 0.036483 0.030457
0 0.059809 0.063452 0.034689 0.025381
0 0.099282 0.062817 0.038278 0.021574
0 0.144438 0.068528 0.043660 0.025381
19 0.033493 0.111041 0.037081 0.049492
19 0.077153 0.109772 0.034689 0.039340
19 0.117225 0.114848 0.037081 0.046954
19 0.489234 0.115482 0.029904 0.032995
19 0.592105 0.115482 0.031100 0.043147
19 0.669258 0.111675 0.031100 0.040609
19 0.729964 0.113579 0.022129 0.046954
19 0.806220 0.112310 0.029904 0.041878
19 0.883074 0.113579 0.029306 0.044416
19 0.961423 0.109137 0.036483 0.055838
4 0.011962 0.445431 0.019139 0.020305
4 0.020634 0.802665 0.016148 0.034264
0 0.009270 0.312817 0.012560 0.024112
0 0.010467 0.373096 0.013756 0.015228
0 0.452751 0.111041 0.017943 0.026650
5 0.359151 0.112310 0.212321 0.041878
30 0.233852 0.112310 0.031100 0.044416
0 0.010467 0.487310 0.016148 0.017766
0 0.011962 0.571066 0.016746 0.022843
0 0.371411 0.645939 0.013158 0.025381
0 0.403708 0.314086 0.017943 0.024112
0 0.406100 0.717640 0.016746 0.021574
9 0.403409 0.510787 0.024522 0.420051
9 0.406100 0.486041 0.014354 0.322335
0 0.197667 0.414975 0.386962 0.032995
0 0.198864 0.532360 0.391746 0.029188
20 0.210227 0.568528 0.420455 0.852792
22 0.403708 0.162437 0.016746 0.027919
22 0.972787 0.029188 0.022129 0.038071
32 0.915670 0.024746 0.020335 0.029188