22 0.889952 0.022843 0.021531 0.032995
32 0.834928 0.024112 0.021531 0.022843
20 0.505383 0.496193 0.828947 0.992386
0 0.178230 0.071701 0.156699 0.021574
0 0.177033 0.095178 0.159091 0.025381
0 0.177033 0.116751 0.159091 0.020305
0 0.178529 0.140228 0.159689 0.026650
0 0.178529 0.164340 0.159689 0.021574
0 0.178828 0.185279 0.160287 0.020305
0 0.179426 0.206218 0.159091 0.021574
0 0.178529 0.229061 0.159689 0.019036
0 0.178529 0.250000 0.159689 0.022843
0 0.178230 0.270939 0.159091 0.019036
0 0.179127 0.292513 0.157297 0.024112
0 0.178828 0.316624 0.156699 0.024112
0 0.178230 0.337563 0.157895 0.017766
0 0.178828 0.357868 0.159091 0.022843
0 0.178828 0.380076 0.159091 0.021574
0 0.021830 0.067259 0.032895 0.027919
0 0.058612 0.064086 0.029904 0.021574
0 0.891148 0.090102 0.011962 0.027919
0 0.892344 0.133249 0.010766 0.030457
0 0.890550 0.245558 0.013158 0.031726
0 0.895335 0.164340 0.015550 0.013959
0 0.895036 0.180838 0.016148 0.019036
6 0.894139 0.171320 0.021531 0.032995
5 0.669856 0.090736 0.467703 0.039340
5 0.669856 0.128173 0.465311 0.032995
15 0.625897 0.173858 0.388158 0.027919
15 0.468600 0.172589 0.022129 0.025381
3 0.853469 0.170685 0.059809 0.029188
4 0.444378 0.210025 0.020335 0.026650
5 0.671352 0.244924 0.467105 0.038071