22 0.889952 0.022843 0.021531 0.032995
32 0.834928 0.024112 0.021531 0.022843
20 0.505383 0.496193 0.828947 0.992386
0 0.178230 0.071701 0.156699 0.021574
0 0.177033 0.095178 0.159091 0.025381
0 0.177033 0.116751 0.159091 0.020305
0 0.178529 0.140228 0.159689 0.026650
0 0.178529 0.164340 0.159689 0.021574
0 0.178828 0.185279 0.160287 0.020305
0 0.179426 0.206218 0.159091 0.021574
0 0.178529 0.229061 0.159689 0.019036
0 0.178529 0.250000 0.159689 0.022843
0 0.178230 0.270939 0.159091 0.019036
0 0.179127 0.292513 0.157297 0.024112
0 0.178828 0.316624 0.156699 0.024112
0 0.178230 0.337563 0.157895 0.017766
0 0.178828 0.357868 0.159091 0.022843
0 0.178828 0.380076 0.159091 0.021574
0 0.645933 0.092005 0.516746 0.044416
19 0.035586 0.112944 0.032895 0.038071
19 0.070574 0.107868 0.031100 0.048223
19 0.958134 0.108503 0.034689 0.044416
0 0.020933 0.062817 0.029904 0.031726
0 0.058911 0.062817 0.026914 0.024112
0 0.893541 0.131345 0.014354 0.016497
0 0.892943 0.149112 0.015550 0.019036
0 0.893541 0.199873 0.016746 0.019036
0 0.893840 0.217005 0.016148 0.015228
6 0.893242 0.141497 0.020933 0.036802
6 0.893541 0.204315 0.017943 0.032995
4 0.397129 0.240482 0.025120 0.029188
3 0.635167 0.139594 0.494019 0.030457
3 0.635467 0.209391 0.499402 0.032995
0 0.643541 0.605330 0.520335 0.038071
21 0.646232 0.427665 0.514952 0.307107