22 0.889952 0.022843 0.021531 0.032995
32 0.834928 0.024112 0.021531 0.022843
20 0.505383 0.496193 0.828947 0.992386
0 0.178230 0.071701 0.156699 0.021574
0 0.177033 0.095178 0.159091 0.025381
0 0.177033 0.116751 0.159091 0.020305
0 0.178529 0.140228 0.159689 0.026650
0 0.178529 0.164340 0.159689 0.021574
0 0.178828 0.185279 0.160287 0.020305
0 0.179426 0.206218 0.159091 0.021574
0 0.178529 0.229061 0.159689 0.019036
0 0.178529 0.250000 0.159689 0.022843
0 0.178230 0.270939 0.159091 0.019036
0 0.179127 0.292513 0.157297 0.024112
0 0.178828 0.316624 0.156699 0.024112
0 0.178230 0.337563 0.157895 0.017766
0 0.178828 0.357868 0.159091 0.022843
0 0.178828 0.380076 0.159091 0.021574
4 0.473385 0.277284 0.019737 0.031726
4 0.472488 0.309645 0.016746 0.020305
0 0.870813 0.145305 0.011962 0.021574
0 0.870813 0.185279 0.010766 0.020305
0 0.869617 0.343909 0.010766 0.017766
0 0.882775 0.505711 0.013158 0.024112
0 0.632177 0.145939 0.011962 0.025381
0 0.659988 0.344543 0.018541 0.026650
5 0.767045 0.144036 0.236244 0.036802
5 0.646531 0.184010 0.474880 0.032995
5 0.527811 0.143401 0.233852 0.035533
5 0.568182 0.342640 0.206938 0.030457
5 0.779605 0.345178 0.205144 0.030457
5 0.657895 0.503173 0.476077 0.039340
0 0.020036 0.063452 0.024522 0.027919
0 0.057117 0.062183 0.032895 0.022843
19 0.959928 0.109772 0.033493 0.049492
19 0.033792 0.107868 0.034091 0.045685
19 0.072368 0.104695 0.031100 0.046954