22 0.889952 0.022843 0.021531 0.032995
32 0.834928 0.024112 0.021531 0.022843
20 0.505383 0.496193 0.828947 0.992386
0 0.178230 0.071701 0.156699 0.021574
0 0.177033 0.095178 0.159091 0.025381
0 0.177033 0.116751 0.159091 0.020305
0 0.178529 0.140228 0.159689 0.026650
0 0.178529 0.164340 0.159689 0.021574
0 0.178828 0.185279 0.160287 0.020305
0 0.179426 0.206218 0.159091 0.021574
0 0.178529 0.229061 0.159689 0.019036
0 0.178529 0.250000 0.159689 0.022843
0 0.178230 0.270939 0.159091 0.019036
0 0.179127 0.292513 0.157297 0.024112
0 0.178828 0.316624 0.156699 0.024112
0 0.178230 0.337563 0.157895 0.017766
0 0.178828 0.357868 0.159091 0.022843
0 0.178828 0.380076 0.159091 0.021574
3 0.655801 0.086294 0.495813 0.032995
0 0.849282 0.136421 0.038278 0.034264
0 0.863337 0.176396 0.065191 0.038071
0 0.848983 0.432107 0.040072 0.031726
0 0.862739 0.473350 0.067584 0.032995
0 0.847488 0.723985 0.039474 0.029188
0 0.863337 0.763959 0.072368 0.032995
0 0.019737 0.062817 0.023923 0.034264
0 0.057117 0.065990 0.026914 0.027919
19 0.033194 0.112310 0.031699 0.049492
19 0.072967 0.111041 0.032297 0.052030
19 0.960526 0.113579 0.028708 0.049492