4 0.539063 0.634459 0.018750 0.022973
4 0.538281 0.679730 0.020313 0.024324
4 0.522656 0.787162 0.018750 0.022973
4 0.521875 0.829730 0.021875 0.029730
0 0.255859 0.487162 0.017969 0.020270
0 0.257031 0.505405 0.017188 0.010811
0 0.220703 0.592568 0.013281 0.020270
0 0.645703 0.486486 0.013281 0.016216
0 0.646484 0.501351 0.011719 0.013514
0 0.607813 0.583784 0.014063 0.016216
6 0.646484 0.494595 0.017969 0.045946
6 0.608594 0.589189 0.020313 0.035135
6 0.256250 0.493919 0.021875 0.041892
6 0.220703 0.596622 0.022656 0.031081
3 0.621484 0.492568 0.032031 0.033784
3 0.585547 0.587162 0.027344 0.033784
3 0.227734 0.492568 0.033594 0.031081
3 0.196094 0.595270 0.026563 0.031081
20 0.503906 0.487162 0.821875 0.877027
22 0.888281 0.078378 0.028125 0.032432
29 0.834375 0.074324 0.023438 0.035135
0 0.746484 0.883108 0.102344 0.036486
0 0.853516 0.880405 0.094531 0.033784
14 0.241797 0.186486 0.267969 0.137838
3 0.186328 0.176351 0.127344 0.058108
3 0.183984 0.229730 0.122656 0.048649
3 0.308594 0.225676 0.126563 0.056757
3 0.308984 0.175000 0.125781 0.044595
0 0.470694 0.646574 0.021531 0.024112
0 0.353170 0.828046 0.017344 0.034264
5 0.388457 0.649746 0.190789 0.038071
0 0.250897 0.701777 0.085526 0.038071
0 0.250299 0.741751 0.089115 0.041878
0 0.246112 0.777919 0.080742 0.030457
0 0.247907 0.811548 0.078349 0.039340
0 0.710825 0.725254 0.111842 0.034264