0 0.517344 0.604061 0.098086 0.035533
0 0.624402 0.603426 0.099282 0.039340
0 0.665072 0.432107 0.017943 0.016497
0 0.665969 0.447970 0.016148 0.015228
0 0.665670 0.479061 0.016746 0.016497
0 0.665371 0.496193 0.017344 0.017766
6 0.664773 0.437817 0.017344 0.035533
6 0.664175 0.487944 0.018541 0.034264
3 0.542763 0.440355 0.225478 0.027919
3 0.542464 0.491117 0.226077 0.032995
3 0.550538 0.536168 0.244617 0.034264
20 0.498804 0.500000 0.373206 0.317259
22 0.657596 0.365482 0.024522 0.030457
29 0.600478 0.364213 0.014354 0.027919
19 0.022727 0.223350 0.028708 0.040609
19 0.022428 0.275381 0.028110 0.040609
19 0.021830 0.312183 0.032895 0.035533
19 0.023026 0.352157 0.026914 0.034264
19 0.022727 0.390863 0.027512 0.043147
19 0.020335 0.432741 0.022727 0.040609
19 0.018840 0.475254 0.025718 0.044416
19 0.020335 0.517132 0.028708 0.039340
19 0.020634 0.563452 0.029306 0.050761
19 0.020036 0.612944 0.028110 0.048223
19 0.021531 0.665609 0.025120 0.057107
19 0.020933 0.713832 0.023923 0.039340
19 0.020634 0.750000 0.024522 0.032995
19 0.019737 0.787437 0.022727 0.041878
19 0.248804 0.113579 0.028708 0.046954
19 0.287081 0.114213 0.029904 0.045685
19 0.328648 0.114848 0.030502 0.039340
19 0.385167 0.111041 0.031100 0.041878
19 0.530801 0.112310 0.023325 0.039340
19 0.979665 0.172589 0.020335 0.032995
0 0.254486 0.203046 0.018541 0.032995
0 0.254785 0.944797 0.022727 0.024112
19 0.345395 0.169416 0.023325 0.036802
19 0.316986 0.169416 0.027512 0.031726
19 0.283792 0.166244 0.026914 0.030457
19 0.283792 0.228426 0.022129 0.030457
19 0.284091 0.271574 0.021531 0.035533
19 0.652213 0.168782 0.022129 0.027919
19 0.624701 0.169416 0.016148 0.031726
22 0.587620 0.169416 0.025718 0.031726
0 0.553230 0.169416 0.019139 0.024112
5 0.463218 0.170051 0.199163 0.043147
28 0.035885 0.111675 0.026316 0.038071
24 0.073565 0.114848 0.023923 0.041878
23 0.114833 0.111041 0.040670 0.044416
26 0.176734 0.109772 0.026914 0.044416
25 0.212620 0.114213 0.024522 0.032995
0 0.500897 0.113579 0.011364 0.024112
0 0.630383 0.108503 0.016746 0.034264
5 0.459031 0.114213 0.105861 0.038071
5 0.596591 0.111675 0.089115 0.030457
9 0.254187 0.574873 0.027512 0.774112
9 0.255383 0.602792 0.019139 0.680203
22 0.969797 0.022208 0.025718 0.034264
32 0.915072 0.029188 0.025120 0.038071
0 0.606160 0.699873 0.019737 0.024112
0 0.401017 0.699873 0.019737 0.029188
9 0.505981 0.699239 0.229665 0.035533
9 0.445574 0.704949 0.076555 0.029188
0 0.052333 0.975888 0.092703 0.030457
0 0.156400 0.977792 0.095096 0.036802
0 0.258074 0.978426 0.093900 0.038071