20 0.503906 0.487162 0.821875 0.877027
22 0.888281 0.078378 0.028125 0.032432
29 0.834375 0.074324 0.023438 0.035135
0 0.746484 0.883108 0.102344 0.036486
0 0.853516 0.880405 0.094531 0.033784
14 0.241797 0.186486 0.267969 0.137838
3 0.186328 0.176351 0.127344 0.058108
3 0.183984 0.229730 0.122656 0.048649
3 0.308594 0.225676 0.126563 0.056757
3 0.308984 0.175000 0.125781 0.044595
0 0.708984 0.728378 0.107031 0.037838
0 0.302344 0.760811 0.125000 0.040541
0 0.279297 0.704730 0.017969 0.028378
0 0.351563 0.829054 0.015625 0.022973
0 0.467187 0.648649 0.017187 0.018919
5 0.248828 0.704054 0.086719 0.040541
5 0.320703 0.829730 0.082031 0.037838
34 0.388672 0.650676 0.186719 0.041892
4 0.539063 0.634459 0.018750 0.022973
4 0.538281 0.679730 0.020313 0.024324
4 0.522656 0.787162 0.018750 0.022973
4 0.521875 0.829730 0.021875 0.029730
0 0.255859 0.487162 0.017969 0.020270
0 0.257031 0.505405 0.017188 0.010811
0 0.220703 0.592568 0.013281 0.020270
0 0.645703 0.486486 0.013281 0.016216
0 0.646484 0.501351 0.011719 0.013514
0 0.607813 0.583784 0.014063 0.016216
6 0.646484 0.494595 0.017969 0.045946
6 0.608594 0.589189 0.020313 0.035135
6 0.256250 0.493919 0.021875 0.041892
6 0.220703 0.596622 0.022656 0.031081
3 0.621484 0.492568 0.032031 0.033784
3 0.585547 0.587162 0.027344 0.033784
3 0.227734 0.492568 0.033594 0.031081
3 0.196094 0.595270 0.026563 0.031081