19 0.021830 0.218274 0.024522 0.022843
19 0.022129 0.262690 0.023923 0.035533
19 0.018840 0.300127 0.022129 0.026650
19 0.021830 0.352792 0.023325 0.022843
19 0.021830 0.393401 0.017344 0.025381
19 0.020335 0.437183 0.017943 0.026650
19 0.022129 0.471447 0.017943 0.034264
19 0.022727 0.514594 0.014354 0.029188
19 0.020933 0.603426 0.021531 0.024112
19 0.020335 0.553299 0.020335 0.030457
19 0.019438 0.654188 0.016148 0.026650
19 0.023026 0.693528 0.025718 0.029188
19 0.019737 0.736675 0.022727 0.026650
19 0.020036 0.777284 0.020933 0.024112
19 0.020036 0.814086 0.019737 0.029188
19 0.021232 0.853426 0.022129 0.029188
0 0.025419 0.064721 0.034091 0.027919
0 0.064892 0.067893 0.038876 0.029188
0 0.111842 0.067259 0.045455 0.027919
0 0.162679 0.067259 0.055024 0.027919
0 0.215012 0.065355 0.054426 0.026650
0 0.273325 0.069797 0.064593 0.027919
0 0.353768 0.069162 0.091507 0.026650
0 0.425538 0.070431 0.059211 0.026650
0 0.480263 0.069162 0.053828 0.029188
0 0.538577 0.069797 0.068780 0.030457
0 0.596890 0.067893 0.052632 0.034264
0 0.049342 0.979061 0.085526 0.031726
22 0.968600 0.031726 0.030502 0.035533
32 0.916268 0.022843 0.037081 0.032995
0 0.156400 0.977157 0.095096 0.035533
0 0.261364 0.977792 0.094498 0.031726
0 0.630084 0.116117 0.018541 0.019036
0 0.531100 0.112944 0.026316 0.025381
0 0.500598 0.112944 0.013158 0.017766
5 0.595395 0.116751 0.086722 0.030457
7 0.227273 0.502538 0.360048 0.885787
0 0.122010 0.258249 0.126794 0.036802
0 0.218301 0.291878 0.308612 0.030457
0 0.218301 0.331853 0.308612 0.049492
0 0.216806 0.376269 0.305622 0.039340
0 0.215610 0.413071 0.308014 0.034264
0 0.214713 0.451777 0.305024 0.040609
0 0.215909 0.492386 0.302632 0.040609
0 0.216806 0.534898 0.304426 0.044416
0 0.213218 0.574873 0.311603 0.035533
0 0.220096 0.610406 0.325359 0.035533
0 0.218900 0.651650 0.327751 0.046954
0 0.219797 0.692893 0.329545 0.035533
0 0.220395 0.728426 0.328349 0.035533
0 0.220395 0.766497 0.327153 0.040609
0 0.221292 0.802665 0.325359 0.031726
0 0.230562 0.847716 0.322368 0.035533
0 0.228768 0.883883 0.325957 0.036802
0 0.227572 0.920051 0.323565 0.035533
8 0.495514 0.751269 0.207536 0.385787
0 0.501495 0.572970 0.171651 0.034264
0 0.500897 0.608503 0.172847 0.036802
0 0.499701 0.647843 0.170455 0.041878
0 0.499701 0.685914 0.170455 0.034264
0 0.496711 0.722716 0.164474 0.039340
0 0.497608 0.760787 0.162679 0.036802
0 0.497608 0.800761 0.162679 0.043147
0 0.497907 0.840102 0.162081 0.035533
0 0.495514 0.878173 0.157297 0.040609
0 0.497010 0.917513 0.154306 0.038071