20 0.503906 0.487162 0.821875 0.877027
22 0.888281 0.078378 0.028125 0.032432
29 0.834375 0.074324 0.023438 0.035135
0 0.746484 0.883108 0.102344 0.036486
0 0.853516 0.880405 0.094531 0.033784
14 0.241797 0.186486 0.267969 0.137838
3 0.186328 0.176351 0.127344 0.058108
3 0.183984 0.229730 0.122656 0.048649
3 0.308594 0.225676 0.126563 0.056757
3 0.308984 0.175000 0.125781 0.044595
4 0.539063 0.634459 0.018750 0.022973
4 0.538281 0.679730 0.020313 0.024324
4 0.522656 0.787162 0.018750 0.022973
4 0.521875 0.829730 0.021875 0.029730
0 0.255859 0.487162 0.017969 0.020270
0 0.257031 0.505405 0.017188 0.010811
0 0.220703 0.592568 0.013281 0.020270
0 0.645703 0.486486 0.013281 0.016216
0 0.646484 0.501351 0.011719 0.013514
0 0.607813 0.583784 0.014063 0.016216
6 0.646484 0.494595 0.017969 0.045946
6 0.608594 0.589189 0.020313 0.035135
6 0.256250 0.493919 0.021875 0.041892
6 0.220703 0.596622 0.022656 0.031081
3 0.621484 0.492568 0.032031 0.033784
3 0.585547 0.587162 0.027344 0.033784
3 0.227734 0.492568 0.033594 0.031081
3 0.196094 0.595270 0.026563 0.031081
0 0.468900 0.645305 0.021531 0.029188
0 0.277811 0.700508 0.017344 0.020305
0 0.302931 0.753173 0.126196 0.031726
0 0.709330 0.727157 0.102871 0.040609
5 0.386663 0.654188 0.189593 0.036802
5 0.250299 0.702411 0.086722 0.031726
0 0.050837 0.979695 0.088517 0.027919
0 0.154904 0.979695 0.092105 0.032995
0 0.259270 0.973985 0.087919 0.041878
19 0.019438 0.218274 0.016148 0.025381
19 0.023624 0.275381 0.018541 0.022843
19 0.020933 0.313452 0.019139 0.035533
19 0.021830 0.351523 0.019737 0.038071
19 0.020634 0.395939 0.026914 0.030457
19 0.021830 0.433376 0.025718 0.034264
19 0.022428 0.475888 0.020933 0.022843
19 0.022129 0.516497 0.016746 0.032995
19 0.022727 0.567893 0.025120 0.024112