20 0.499103 0.498731 0.617823 0.895939
22 0.780801 0.079949 0.018541 0.038071
29 0.723385 0.074239 0.017344 0.034264
0 0.675239 0.139594 0.021531 0.030457
0 0.744916 0.141497 0.099880 0.031726
5 0.525718 0.141497 0.315789 0.029188
0 0.744318 0.250635 0.098684 0.034264
0 0.678828 0.183376 0.017943 0.026650
0 0.677931 0.316624 0.016148 0.021574
0 0.515849 0.184010 0.302033 0.030457
0 0.516148 0.211294 0.300239 0.026650
0 0.516746 0.238579 0.296651 0.035533
0 0.518242 0.260152 0.297249 0.022843
0 0.517344 0.284898 0.299043 0.026650
9 0.677033 0.248731 0.021531 0.149746
9 0.677632 0.223350 0.016746 0.043147
0 0.674940 0.358503 0.019737 0.036802
5 0.526316 0.360406 0.318182 0.035533
0 0.673744 0.408629 0.020933 0.030457
0 0.744019 0.403553 0.098086 0.035533
5 0.527512 0.407995 0.316986 0.039340
0 0.675837 0.451142 0.020335 0.029188
0 0.744916 0.450508 0.101077 0.035533
5 0.526316 0.449873 0.318182 0.039340
3 0.527213 0.498731 0.317584 0.035533
3 0.526615 0.550127 0.318780 0.041878
4 0.213218 0.652284 0.022129 0.032995
4 0.212919 0.762056 0.023923 0.036802
4 0.213517 0.807741 0.022727 0.029188
4 0.375897 0.803299 0.018541 0.025381
4 0.539175 0.806472 0.016148 0.024112
4 0.213218 0.848350 0.018541 0.024112
4 0.376495 0.847081 0.017344 0.026650
4 0.540072 0.844543 0.020335 0.026650
0 0.635766 0.895939 0.098086 0.038071
0 0.744617 0.894670 0.096890 0.045685
19 0.020335 0.218909 0.020335 0.034264
19 0.020036 0.275381 0.020933 0.030457
19 0.022727 0.315990 0.025120 0.027919
19 0.022428 0.357234 0.019737 0.026650
19 0.021531 0.388959 0.023923 0.026650
19 0.022727 0.436548 0.021531 0.035533
19 0.019139 0.477792 0.021531 0.026650
19 0.021830 0.508249 0.017344 0.021574
19 0.022129 0.562817 0.021531 0.031726
19 0.019139 0.612310 0.022727 0.036802
19 0.019737 0.670051 0.021531 0.038071
19 0.019737 0.708122 0.021531 0.035533
19 0.020036 0.743020 0.022129 0.034264
19 0.020933 0.783629 0.021531 0.044416
28 0.033792 0.115482 0.023325 0.035533
24 0.073864 0.116117 0.026914 0.031726
23 0.114833 0.116117 0.029904 0.049492
26 0.171651 0.114213 0.022727 0.040609