19 0.916567 0.172589 0.020933 0.027919
19 0.947368 0.171954 0.022727 0.026650
19 0.983254 0.171320 0.021531 0.032995
19 0.023325 0.169416 0.025120 0.039340
19 0.052632 0.168782 0.023923 0.035533
19 0.082536 0.170051 0.016746 0.035533
23 0.113038 0.117386 0.028708 0.036802
24 0.074761 0.115482 0.032297 0.048223
28 0.035287 0.111675 0.025120 0.045685
19 0.021830 0.218274 0.024522 0.022843
19 0.022129 0.262690 0.023923 0.035533
19 0.018840 0.300127 0.022129 0.026650
19 0.021830 0.352792 0.023325 0.022843
19 0.021830 0.393401 0.017344 0.025381
19 0.020335 0.437183 0.017943 0.026650
19 0.022129 0.471447 0.017943 0.034264
19 0.022727 0.514594 0.014354 0.029188
19 0.020933 0.603426 0.021531 0.024112
19 0.020335 0.553299 0.020335 0.030457
19 0.019438 0.654188 0.016148 0.026650
19 0.023026 0.693528 0.025718 0.029188
19 0.019737 0.736675 0.022727 0.026650
19 0.020036 0.777284 0.020933 0.024112
19 0.020036 0.814086 0.019737 0.029188
19 0.021232 0.853426 0.022129 0.029188
0 0.025419 0.064721 0.034091 0.027919
0 0.064892 0.067893 0.038876 0.029188
0 0.111842 0.067259 0.045455 0.027919
0 0.162679 0.067259 0.055024 0.027919
0 0.215012 0.065355 0.054426 0.026650
0 0.273325 0.069797 0.064593 0.027919
0 0.353768 0.069162 0.091507 0.026650
0 0.425538 0.070431 0.059211 0.026650
0 0.480263 0.069162 0.053828 0.029188
0 0.538577 0.069797 0.068780 0.030457
0 0.596890 0.067893 0.052632 0.034264
0 0.049342 0.979061 0.085526 0.031726
22 0.968600 0.031726 0.030502 0.035533
32 0.916268 0.022843 0.037081 0.032995
7 0.383203 0.125000 0.153906 0.152703
0 0.382813 0.106081 0.146875 0.044595
0 0.384375 0.148649 0.143750 0.040541
0 0.381250 0.180405 0.137500 0.025676
8 0.619531 0.468919 0.354688 0.689189
0 0.625000 0.143919 0.315625 0.025676
0 0.625391 0.177703 0.316406 0.041892
0 0.624609 0.216892 0.314844 0.036486
0 0.623828 0.252703 0.316406 0.035135
0 0.622656 0.292568 0.314062 0.047297
0 0.623437 0.333784 0.312500 0.035135
0 0.623047 0.371622 0.311719 0.040541
0 0.626172 0.413514 0.305469 0.043243
0 0.622656 0.450676 0.300000 0.033784
0 0.625000 0.487162 0.295313 0.039189
0 0.620703 0.524324 0.286719 0.035135
0 0.621094 0.560135 0.285937 0.036486
0 0.623438 0.599324 0.290625 0.041892
0 0.623828 0.637162 0.291406 0.036486
0 0.618750 0.675676 0.281250 0.040541
0 0.616406 0.716216 0.285937 0.040541
0 0.610938 0.753378 0.275000 0.033784
0 0.616406 0.786486 0.264063 0.032432
26 0.172548 0.111041 0.023325 0.026650
25 0.212919 0.112310 0.028708 0.031726
19 0.252392 0.114848 0.028708 0.039340
19 0.287679 0.112944 0.025120 0.040609
0 0.155801 0.972081 0.098684 0.030457
0 0.262560 0.979695 0.093301 0.035533