19 0.248804 0.114213 0.021531 0.043147
19 0.289773 0.114848 0.023325 0.044416
19 0.328349 0.114848 0.027512 0.044416
19 0.384270 0.116751 0.025718 0.048223
19 0.531100 0.112944 0.022727 0.035533
19 0.916268 0.168782 0.025120 0.032995
19 0.948565 0.168782 0.021531 0.025381
19 0.978469 0.168782 0.020335 0.032995
0 0.156100 0.977157 0.098086 0.035533
0 0.262560 0.975888 0.094498 0.035533
0 0.500598 0.111675 0.015550 0.022843
5 0.458433 0.111041 0.105861 0.031726
28 0.036483 0.112944 0.023923 0.035533
24 0.072667 0.112310 0.032895 0.044416
23 0.112440 0.112944 0.028708 0.035533
25 0.209928 0.112310 0.021531 0.039340
26 0.171053 0.115482 0.022727 0.038071
0 0.629785 0.111675 0.011962 0.025381
5 0.597189 0.114213 0.085526 0.032995
19 0.021830 0.218274 0.024522 0.022843
19 0.022129 0.262690 0.023923 0.035533
19 0.018840 0.300127 0.022129 0.026650
19 0.021830 0.352792 0.023325 0.022843
19 0.021830 0.393401 0.017344 0.025381
19 0.020335 0.437183 0.017943 0.026650
19 0.022129 0.471447 0.017943 0.034264
19 0.022727 0.514594 0.014354 0.029188
19 0.020933 0.603426 0.021531 0.024112
19 0.020335 0.553299 0.020335 0.030457
19 0.019438 0.654188 0.016148 0.026650
19 0.023026 0.693528 0.025718 0.029188
19 0.019737 0.736675 0.022727 0.026650
19 0.020036 0.777284 0.020933 0.024112
0 0.025419 0.064721 0.034091 0.027919
0 0.064892 0.067893 0.038876 0.029188
0 0.111842 0.067259 0.045455 0.027919
0 0.162679 0.067259 0.055024 0.027919
0 0.215012 0.065355 0.054426 0.026650
0 0.273325 0.069797 0.064593 0.027919
0 0.353768 0.069162 0.091507 0.026650
0 0.425538 0.070431 0.059211 0.026650
0 0.480263 0.069162 0.053828 0.029188
0 0.538577 0.069797 0.068780 0.030457
0 0.596890 0.067893 0.052632 0.034264
0 0.049342 0.979061 0.085526 0.031726
22 0.968600 0.031726 0.030502 0.035533
32 0.916268 0.022843 0.037081 0.032995
19 0.309809 0.171954 0.020335 0.034264
19 0.342703 0.171954 0.020335 0.034264
19 0.371112 0.170685 0.016148 0.034264
19 0.308313 0.218909 0.019737 0.031726
19 0.309809 0.259518 0.022727 0.039340
19 0.308313 0.307107 0.018541 0.017766
19 0.309510 0.347716 0.017344 0.040609
19 0.309809 0.394036 0.021531 0.024112
19 0.309510 0.432741 0.020933 0.030457
19 0.309809 0.474619 0.020335 0.022843
19 0.307715 0.509518 0.020933 0.024112
19 0.307715 0.551396 0.020933 0.029188
19 0.309510 0.602792 0.016148 0.020305
19 0.306818 0.658629 0.021531 0.022843
19 0.309211 0.696066 0.019139 0.031726
19 0.308313 0.736675 0.018541 0.024112
19 0.308911 0.776650 0.019737 0.025381
19 0.308014 0.815355 0.021531 0.016497
19 0.308014 0.854695 0.019139 0.029188
0 0.580144 0.171954 0.014354 0.036802
5 0.490132 0.168782 0.202751 0.043147
21 0.708732 0.569797 0.580144 0.761421
0 0.279306 0.209391 0.017943 0.022843
0 0.279904 0.940355 0.017943 0.020305
9 0.279904 0.571701 0.020335 0.752538
9 0.279904 0.470178 0.019139 0.503807
19 0.107656 0.288071 0.044258 0.065990
19 0.152512 0.352157 0.045455 0.062183
19 0.196172 0.289340 0.044258 0.068528
19 0.197368 0.226523 0.041866 0.057107
19 0.152811 0.223350 0.047249 0.050761
19 0.150419 0.280457 0.042464 0.063452
19 0.107955 0.225254 0.042464 0.054569
19 0.064593 0.225888 0.044258 0.053299
19 0.064294 0.286802 0.040072 0.060914
19 0.063098 0.347716 0.042464 0.060914
19 0.106459 0.345178 0.044258 0.055838
19 0.196471 0.350254 0.046053 0.050761
19 0.197368 0.407995 0.044258 0.064721
19 0.151914 0.412437 0.046651 0.055838
19 0.106160 0.412437 0.044856 0.055838
19 0.061902 0.407995 0.043660 0.064721
19 0.062799 0.468909 0.043062 0.059645
19 0.107356 0.469543 0.046053 0.058376
19 0.152213 0.468274 0.043660 0.055838
19 0.196770 0.470178 0.045455 0.052030
19 0.195873 0.529188 0.044856 0.063452
19 0.155502 0.526650 0.045455 0.068528
19 0.110048 0.528553 0.049043 0.067259
19 0.063397 0.534898 0.044258 0.054569