19 0.917464 0.170051 0.027512 0.020305
19 0.947069 0.168147 0.019737 0.021574
19 0.979067 0.172589 0.023923 0.025381
23 0.116627 0.118020 0.019139 0.030457
24 0.075957 0.113579 0.028708 0.044416
28 0.036483 0.115482 0.032297 0.045685
19 0.054127 0.166244 0.024522 0.035533
19 0.023325 0.172589 0.026316 0.038071
19 0.082237 0.166878 0.026914 0.039340
19 0.021830 0.218274 0.024522 0.022843
19 0.022129 0.262690 0.023923 0.035533
19 0.018840 0.300127 0.022129 0.026650
19 0.021830 0.352792 0.023325 0.022843
19 0.021830 0.393401 0.017344 0.025381
19 0.020335 0.437183 0.017943 0.026650
19 0.022129 0.471447 0.017943 0.034264
19 0.022727 0.514594 0.014354 0.029188
19 0.020933 0.603426 0.021531 0.024112
19 0.020335 0.553299 0.020335 0.030457
19 0.019438 0.654188 0.016148 0.026650
19 0.023026 0.693528 0.025718 0.029188
19 0.019737 0.736675 0.022727 0.026650
19 0.020036 0.777284 0.020933 0.024112
19 0.020036 0.814086 0.019737 0.029188
19 0.021232 0.853426 0.022129 0.029188
0 0.025419 0.064721 0.034091 0.027919
0 0.064892 0.067893 0.038876 0.029188
0 0.111842 0.067259 0.045455 0.027919
0 0.162679 0.067259 0.055024 0.027919
0 0.215012 0.065355 0.054426 0.026650
0 0.273325 0.069797 0.064593 0.027919
0 0.353768 0.069162 0.091507 0.026650
0 0.425538 0.070431 0.059211 0.026650
0 0.480263 0.069162 0.053828 0.029188
0 0.538577 0.069797 0.068780 0.030457
0 0.596890 0.067893 0.052632 0.034264
0 0.049342 0.979061 0.085526 0.031726
22 0.968600 0.031726 0.030502 0.035533
32 0.916268 0.022843 0.037081 0.032995
7 0.425781 0.393919 0.465625 0.682432
0 0.424609 0.105405 0.436719 0.024324
0 0.424609 0.135811 0.436719 0.036486
0 0.424609 0.179054 0.436719 0.050000
0 0.425391 0.222973 0.435156 0.037838
0 0.425781 0.258108 0.435938 0.032432
0 0.425781 0.292568 0.435938 0.036486
0 0.425781 0.333108 0.435938 0.044595
0 0.425000 0.374324 0.437500 0.037838
0 0.425000 0.412162 0.437500 0.037838
0 0.425000 0.451351 0.437500 0.040541
0 0.425391 0.489189 0.436719 0.035135
0 0.426172 0.529730 0.435156 0.045946
0 0.428516 0.571622 0.439844 0.032432
0 0.428125 0.608108 0.440625 0.040541
0 0.432813 0.646622 0.437500 0.033784
0 0.433203 0.681757 0.438281 0.036486
0 0.432422 0.717568 0.436719 0.035135
8 0.733203 0.825676 0.191406 0.340541
0 0.715234 0.683108 0.094531 0.028378
0 0.714453 0.716216 0.096094 0.037838
0 0.710938 0.750676 0.089063 0.033784
0 0.710547 0.785811 0.091406 0.036486
0 0.706250 0.825000 0.082813 0.041892
0 0.706641 0.868243 0.082031 0.044595
0 0.714453 0.906757 0.097656 0.032432
0 0.714844 0.946622 0.096875 0.047297
0 0.714453 0.984459 0.096094 0.028378