19 0.021830 0.218274 0.024522 0.022843
19 0.022129 0.262690 0.023923 0.035533
19 0.018840 0.300127 0.022129 0.026650
19 0.021830 0.352792 0.023325 0.022843
19 0.021830 0.393401 0.017344 0.025381
19 0.020335 0.437183 0.017943 0.026650
19 0.022129 0.471447 0.017943 0.034264
19 0.022727 0.514594 0.014354 0.029188
19 0.020933 0.603426 0.021531 0.024112
19 0.020335 0.553299 0.020335 0.030457
19 0.019438 0.654188 0.016148 0.026650
19 0.023026 0.693528 0.025718 0.029188
19 0.019737 0.736675 0.022727 0.026650
19 0.020036 0.777284 0.020933 0.024112
19 0.020036 0.814086 0.019737 0.029188
19 0.021232 0.853426 0.022129 0.029188
0 0.025419 0.064721 0.034091 0.027919
0 0.064892 0.067893 0.038876 0.029188
0 0.111842 0.067259 0.045455 0.027919
0 0.162679 0.067259 0.055024 0.027919
0 0.215012 0.065355 0.054426 0.026650
0 0.273325 0.069797 0.064593 0.027919
0 0.353768 0.069162 0.091507 0.026650
0 0.425538 0.070431 0.059211 0.026650
0 0.480263 0.069162 0.053828 0.029188
0 0.538577 0.069797 0.068780 0.030457
0 0.596890 0.067893 0.052632 0.034264
0 0.049342 0.979061 0.085526 0.031726
22 0.968600 0.031726 0.030502 0.035533
32 0.916268 0.022843 0.037081 0.032995
0 0.158792 0.975254 0.103469 0.026650
0 0.262560 0.978426 0.094498 0.025381
0 0.380084 0.107868 0.028110 0.035533
0 0.529904 0.113579 0.025120 0.034264
0 0.499103 0.111041 0.013756 0.019036
0 0.628289 0.111675 0.012560 0.017766
5 0.459629 0.114213 0.104665 0.032995
5 0.593600 0.115482 0.087919 0.038071
7 0.223385 0.505711 0.274522 0.892132
0 0.219199 0.105964 0.242225 0.036802
0 0.218600 0.138959 0.243421 0.029188
0 0.218600 0.175127 0.243421 0.043147
0 0.218900 0.214467 0.242823 0.035533
0 0.218900 0.255711 0.242823 0.046954
0 0.218301 0.298858 0.244019 0.039340
0 0.218002 0.335660 0.243421 0.034264
0 0.217404 0.373096 0.244617 0.040609
0 0.216806 0.415609 0.243421 0.044416
0 0.217404 0.451142 0.242225 0.026650
0 0.219797 0.486675 0.247010 0.044416
0 0.219797 0.529188 0.247010 0.040609
0 0.220096 0.571066 0.247608 0.043147
0 0.219797 0.611675 0.248206 0.038071
0 0.218600 0.648477 0.245813 0.035533
0 0.219797 0.682107 0.243421 0.031726
0 0.216208 0.718274 0.236244 0.040609
0 0.220096 0.760152 0.228469 0.043147
0 0.221890 0.803934 0.232057 0.044416
0 0.220694 0.842640 0.234450 0.032995
0 0.220694 0.878807 0.234450 0.039340
0 0.220993 0.916244 0.233852 0.035533
28 0.037380 0.111675 0.028110 0.040609
24 0.075359 0.115482 0.031100 0.048223
19 0.916268 0.170051 0.026316 0.040609
19 0.949163 0.168782 0.020335 0.038071
19 0.977572 0.168782 0.017344 0.045685