19 0.947368 0.171954 0.022727 0.026650
19 0.983254 0.171320 0.021531 0.032995
19 0.023325 0.169416 0.025120 0.039340
19 0.052632 0.168782 0.023923 0.035533
19 0.082536 0.170051 0.016746 0.035533
23 0.113038 0.117386 0.028708 0.036802
24 0.074761 0.115482 0.032297 0.048223
28 0.035287 0.111675 0.025120 0.045685
19 0.021830 0.218274 0.024522 0.022843
19 0.022129 0.262690 0.023923 0.035533
19 0.018840 0.300127 0.022129 0.026650
19 0.021830 0.352792 0.023325 0.022843
19 0.021830 0.393401 0.017344 0.025381
19 0.020335 0.437183 0.017943 0.026650
19 0.022129 0.471447 0.017943 0.034264
19 0.022727 0.514594 0.014354 0.029188
19 0.020933 0.603426 0.021531 0.024112
19 0.020335 0.553299 0.020335 0.030457
19 0.019438 0.654188 0.016148 0.026650
19 0.023026 0.693528 0.025718 0.029188
19 0.019737 0.736675 0.022727 0.026650
19 0.020036 0.777284 0.020933 0.024112
19 0.020036 0.814086 0.019737 0.029188
19 0.021232 0.853426 0.022129 0.029188
0 0.025419 0.064721 0.034091 0.027919
0 0.064892 0.067893 0.038876 0.029188
0 0.111842 0.067259 0.045455 0.027919
0 0.162679 0.067259 0.055024 0.027919
0 0.215012 0.065355 0.054426 0.026650
0 0.273325 0.069797 0.064593 0.027919
0 0.353768 0.069162 0.091507 0.026650
0 0.425538 0.070431 0.059211 0.026650
0 0.480263 0.069162 0.053828 0.029188
0 0.538577 0.069797 0.068780 0.030457
0 0.596890 0.067893 0.052632 0.034264
0 0.049342 0.979061 0.085526 0.031726
22 0.968600 0.031726 0.030502 0.035533
32 0.916268 0.022843 0.037081 0.032995
0 0.533984 0.105405 0.203906 0.035135
0 0.530469 0.144595 0.210938 0.043243
0 0.530859 0.186486 0.211719 0.040541
0 0.530469 0.220946 0.212500 0.028378
0 0.787891 0.145946 0.275781 0.035135
0 0.785937 0.184459 0.279688 0.041892
0 0.785156 0.224324 0.278125 0.037838
0 0.784375 0.258784 0.279688 0.031081
0 0.784375 0.293919 0.279688 0.039189
0 0.788281 0.332432 0.271875 0.037838
7 0.521094 0.152027 0.240625 0.185135
8 0.781250 0.245270 0.318750 0.236486
0 0.157812 0.974324 0.096875 0.035135
0 0.262500 0.975000 0.093750 0.033784
25 0.209629 0.113579 0.019737 0.041878
26 0.171950 0.112944 0.026914 0.035533
19 0.250299 0.112310 0.029306 0.044416
19 0.289773 0.116751 0.029306 0.050761
19 0.327153 0.118020 0.028708 0.035533
19 0.383373 0.112944 0.023923 0.035533