19 0.916567 0.172589 0.020933 0.027919
19 0.947368 0.171954 0.022727 0.026650
19 0.983254 0.171320 0.021531 0.032995
19 0.023325 0.169416 0.025120 0.039340
19 0.052632 0.168782 0.023923 0.035533
19 0.082536 0.170051 0.016746 0.035533
23 0.113038 0.117386 0.028708 0.036802
24 0.074761 0.115482 0.032297 0.048223
28 0.035287 0.111675 0.025120 0.045685
19 0.021830 0.218274 0.024522 0.022843
19 0.022129 0.262690 0.023923 0.035533
19 0.018840 0.300127 0.022129 0.026650
19 0.021830 0.352792 0.023325 0.022843
19 0.021830 0.393401 0.017344 0.025381
19 0.020335 0.437183 0.017943 0.026650
19 0.022129 0.471447 0.017943 0.034264
19 0.022727 0.514594 0.014354 0.029188
19 0.020933 0.603426 0.021531 0.024112
19 0.020335 0.553299 0.020335 0.030457
19 0.019438 0.654188 0.016148 0.026650
19 0.023026 0.693528 0.025718 0.029188
19 0.019737 0.736675 0.022727 0.026650
19 0.020036 0.777284 0.020933 0.024112
19 0.020036 0.814086 0.019737 0.029188
19 0.021232 0.853426 0.022129 0.029188
0 0.025419 0.064721 0.034091 0.027919
0 0.064892 0.067893 0.038876 0.029188
0 0.111842 0.067259 0.045455 0.027919
0 0.162679 0.067259 0.055024 0.027919
0 0.215012 0.065355 0.054426 0.026650
0 0.273325 0.069797 0.064593 0.027919
0 0.353768 0.069162 0.091507 0.026650
0 0.425538 0.070431 0.059211 0.026650
0 0.480263 0.069162 0.053828 0.029188
0 0.538577 0.069797 0.068780 0.030457
0 0.596890 0.067893 0.052632 0.034264
0 0.049342 0.979061 0.085526 0.031726
22 0.968600 0.031726 0.030502 0.035533
32 0.916268 0.022843 0.037081 0.032995
7 0.525781 0.150000 0.229688 0.197297
0 0.530078 0.102703 0.213281 0.035135
0 0.530078 0.141216 0.213281 0.041892
0 0.527344 0.178378 0.207812 0.032432
0 0.530078 0.216892 0.202344 0.044595
8 0.742188 0.298649 0.257813 0.421622
0 0.749609 0.107432 0.199219 0.033784
0 0.749219 0.144595 0.200000 0.040541
0 0.749219 0.182432 0.200000 0.035135
0 0.749219 0.216892 0.200000 0.033784
0 0.748047 0.258108 0.197656 0.048649
0 0.747266 0.300676 0.199219 0.036486
0 0.748047 0.337162 0.200781 0.036486
0 0.750000 0.373649 0.196875 0.036486
0 0.751953 0.412838 0.200781 0.041892
0 0.752344 0.449324 0.200000 0.031081
0 0.750781 0.481757 0.198437 0.036486
26 0.176435 0.113579 0.029904 0.041878
25 0.210825 0.114213 0.030502 0.043147
19 0.249402 0.112944 0.021531 0.032995
19 0.287081 0.112944 0.026316 0.038071
19 0.324761 0.116117 0.035885 0.039340
19 0.382775 0.114848 0.023923 0.039340
0 0.156400 0.977157 0.095096 0.027919
0 0.262261 0.979061 0.097488 0.034264