14 0.545754 0.456218 0.804426 0.729695
3 0.703648 0.145305 0.488636 0.052030
3 0.302632 0.145305 0.313397 0.052030
3 0.302333 0.196701 0.311603 0.045685
3 0.702153 0.196701 0.488038 0.045685
3 0.701555 0.244289 0.486842 0.049492
3 0.302333 0.243655 0.311603 0.050761
3 0.302033 0.293782 0.308612 0.046954
3 0.301734 0.343274 0.309211 0.052030
3 0.302632 0.396574 0.311005 0.054569
3 0.301734 0.446066 0.312799 0.044416
3 0.302033 0.492386 0.313397 0.048223
3 0.302033 0.545051 0.313397 0.057107
3 0.302333 0.600254 0.313995 0.053299
3 0.303529 0.648477 0.311603 0.043147
3 0.303828 0.695431 0.312201 0.050761
3 0.703050 0.694797 0.486244 0.052030
3 0.701854 0.644670 0.488636 0.048223
3 0.700658 0.594543 0.486244 0.052030
3 0.700658 0.542513 0.486244 0.052030
3 0.699462 0.493020 0.483852 0.046954
3 0.698565 0.444797 0.485646 0.049492
3 0.700060 0.393401 0.488636 0.053299
3 0.702153 0.340736 0.484450 0.052030
3 0.701555 0.290609 0.483254 0.048223
0 0.956938 0.102792 0.017943 0.017766
0 0.974880 0.083756 0.016746 0.022843
0 0.955742 0.832487 0.017943 0.020305
0 0.915969 0.887690 0.098684 0.031726
0 0.956639 0.923223 0.014952 0.021574
0 0.974880 0.899746 0.017943 0.017766
0 0.144139 0.925761 0.015550 0.021574
22 0.969199 0.020939 0.020933 0.029188
0 0.825957 0.973350 0.098086 0.032995
0 0.933313 0.972716 0.098684 0.031726
9 0.974581 0.493020 0.016148 0.838832
9 0.973385 0.500635 0.014952 0.711929
9 0.549342 0.925761 0.829545 0.031726
9 0.546950 0.924492 0.732656 0.029188
9 0.956340 0.467005 0.020335 0.756345
9 0.957835 0.494924 0.016148 0.649746
20 0.501495 0.497462 0.993421 0.984772
29 0.914474 0.027919 0.016746 0.035533
19 0.069976 0.594543 0.080144 0.148477
19 0.071471 0.440990 0.085526 0.128173
19 0.072967 0.295051 0.086124 0.148477
19 0.073266 0.141497 0.089115 0.135787