20 0.500897 0.494924 0.989833 0.979695
22 0.970395 0.023477 0.018541 0.029188
29 0.914175 0.024112 0.018541 0.027919
0 0.975179 0.083122 0.017344 0.021574
0 0.973983 0.902284 0.016148 0.025381
0 0.958433 0.926396 0.014952 0.025381
0 0.145634 0.924492 0.018541 0.026650
0 0.956340 0.430838 0.015550 0.029188
0 0.956340 0.694162 0.016746 0.022843
3 0.420156 0.444797 0.188397 0.044416
3 0.419856 0.491117 0.188995 0.048223
3 0.418660 0.543147 0.186603 0.055838
3 0.418959 0.595812 0.186005 0.049492
3 0.419557 0.642132 0.187201 0.043147
3 0.729665 0.641497 0.433014 0.044416
3 0.728469 0.589467 0.434211 0.049492
3 0.729366 0.539975 0.434809 0.039340
3 0.731160 0.487944 0.431220 0.049492
3 0.728768 0.440355 0.427632 0.040609
3 0.325359 0.375000 0.027512 0.034264
4 0.603768 0.106599 0.022129 0.027919
4 0.604964 0.155457 0.019737 0.029188
4 0.604067 0.199873 0.019139 0.024112
4 0.604665 0.244924 0.021531 0.027919
4 0.647727 0.305838 0.019139 0.027919
4 0.658194 0.375635 0.018541 0.025381
4 0.154306 0.242386 0.019139 0.025381
4 0.152213 0.800127 0.018541 0.024112
0 0.232356 0.647208 0.172847 0.032995
0 0.230861 0.692259 0.168660 0.031726
3 0.614833 0.845812 0.620813 0.039340
0 0.347189 0.362310 0.014952 0.013959
0 0.346591 0.378807 0.016148 0.019036
6 0.347189 0.374365 0.018541 0.035533
0 0.826854 0.972081 0.102273 0.030457
0 0.933014 0.973985 0.096890 0.029188
9 0.975778 0.495558 0.017344 0.793147
9 0.974880 0.504442 0.015550 0.711929
9 0.552632 0.927665 0.797847 0.027919
9 0.545754 0.927665 0.736244 0.025381
9 0.567584 0.232234 0.020335 0.215736
9 0.566687 0.173223 0.017344 0.046954
0 0.561902 0.105964 0.025718 0.026650
0 0.567883 0.135152 0.018541 0.029188
0 0.565490 0.331218 0.014952 0.010152
34 0.457536 0.215102 0.235646 0.250000
0 0.412978 0.105330 0.145335 0.025381
0 0.412978 0.132614 0.145335 0.029188
0 0.412978 0.159264 0.145335 0.024112
0 0.412380 0.182741 0.146531 0.022843
0 0.411782 0.203680 0.145335 0.019036
0 0.412679 0.226523 0.143541 0.026650
19 0.071770 0.141497 0.090909 0.135787
19 0.068481 0.287437 0.097488 0.156091
19 0.068481 0.439721 0.092703 0.140863
19 0.070275 0.590102 0.090311 0.152284