19 0.022727 0.223350 0.028708 0.040609
19 0.022428 0.275381 0.028110 0.040609
19 0.021830 0.312183 0.032895 0.035533
19 0.023026 0.352157 0.026914 0.034264
19 0.022727 0.390863 0.027512 0.043147
19 0.020335 0.432741 0.022727 0.040609
19 0.018840 0.475254 0.025718 0.044416
19 0.020335 0.517132 0.028708 0.039340
19 0.020634 0.563452 0.029306 0.050761
19 0.020036 0.612944 0.028110 0.048223
19 0.021531 0.665609 0.025120 0.057107
19 0.020933 0.713832 0.023923 0.039340
19 0.020634 0.750000 0.024522 0.032995
19 0.019737 0.787437 0.022727 0.041878
19 0.248804 0.113579 0.028708 0.046954
19 0.287081 0.114213 0.029904 0.045685
19 0.328648 0.114848 0.030502 0.039340
19 0.385167 0.111041 0.031100 0.041878
19 0.530801 0.112310 0.023325 0.039340
19 0.979665 0.172589 0.020335 0.032995
0 0.254486 0.203046 0.018541 0.032995
0 0.254785 0.944797 0.022727 0.024112
19 0.345395 0.169416 0.023325 0.036802
19 0.316986 0.169416 0.027512 0.031726
19 0.283792 0.166244 0.026914 0.030457
19 0.283792 0.228426 0.022129 0.030457
19 0.284091 0.271574 0.021531 0.035533
19 0.652213 0.168782 0.022129 0.027919
19 0.624701 0.169416 0.016148 0.031726
22 0.587620 0.169416 0.025718 0.031726
0 0.553230 0.169416 0.019139 0.024112
5 0.463218 0.170051 0.199163 0.043147
28 0.035885 0.111675 0.026316 0.038071
24 0.073565 0.114848 0.023923 0.041878
23 0.114833 0.111041 0.040670 0.044416
26 0.176734 0.109772 0.026914 0.044416
25 0.212620 0.114213 0.024522 0.032995
0 0.500897 0.113579 0.011364 0.024112
0 0.630383 0.108503 0.016746 0.034264
5 0.459031 0.114213 0.105861 0.038071
5 0.596591 0.111675 0.089115 0.030457
19 0.283792 0.300761 0.018541 0.030457
19 0.287380 0.355330 0.020933 0.025381
19 0.285287 0.395939 0.027512 0.027919
19 0.284988 0.431472 0.025718 0.030457
19 0.285287 0.465102 0.025120 0.036802
19 0.285885 0.520939 0.023923 0.024112
19 0.287679 0.549492 0.021531 0.027919
19 0.285287 0.597716 0.025120 0.032995
19 0.284091 0.656726 0.021531 0.026650
19 0.284390 0.690990 0.022129 0.036802
19 0.286782 0.735406 0.025718 0.034264
19 0.285885 0.771574 0.023923 0.038071
19 0.286184 0.810914 0.023325 0.040609
19 0.284390 0.852792 0.019737 0.043147
0 0.624103 0.208122 0.014952 0.025381
0 0.624103 0.672589 0.019737 0.017766
0 0.605562 0.696066 0.024522 0.019036
0 0.399821 0.703046 0.017344 0.025381
21 0.503289 0.440355 0.221890 0.492386
9 0.622309 0.436548 0.019737 0.489848
9 0.253589 0.570431 0.019139 0.767766
9 0.253589 0.241117 0.017943 0.050761
9 0.502990 0.697335 0.224880 0.026650
9 0.445873 0.694797 0.073565 0.021574
22 0.970993 0.025381 0.028110 0.040609
32 0.910287 0.025381 0.027512 0.030457
0 0.023624 0.068528 0.031699 0.035533
0 0.066687 0.065990 0.035287 0.027919
0 0.111543 0.065990 0.038876 0.027919
0 0.171352 0.064721 0.049641 0.025381
0 0.222189 0.067893 0.037679 0.031726
0 0.277213 0.067259 0.053230 0.025381
0 0.360347 0.067259 0.099880 0.025381
0 0.433911 0.067259 0.036483 0.030457
0 0.483254 0.068528 0.039474 0.035533
0 0.540072 0.065355 0.056220 0.024112
0 0.601376 0.066624 0.041268 0.034264
9 0.623505 0.251269 0.014952 0.063452