20 0.503589 0.499365 0.989234 0.838832
22 0.967703 0.103426 0.028708 0.031726
0 0.973684 0.163071 0.016746 0.024112
0 0.974581 0.843274 0.014952 0.026650
0 0.934211 0.880076 0.098086 0.034264
0 0.823565 0.887690 0.102871 0.036802
4 0.031100 0.797589 0.019139 0.031726
4 0.032596 0.842005 0.017344 0.029188
4 0.031400 0.573604 0.016148 0.030457
9 0.974581 0.498096 0.018541 0.704315
9 0.973385 0.372462 0.017344 0.399746
29 0.910287 0.105330 0.023923 0.030457
0 0.256579 0.109137 0.172249 0.022843
0 0.258971 0.138325 0.167464 0.035533
0 0.249701 0.173223 0.148923 0.034264
0 0.248206 0.212563 0.151914 0.044416
0 0.244617 0.251904 0.144737 0.034264
0 0.245514 0.286168 0.142943 0.034264
0 0.243720 0.319797 0.139354 0.032995
0 0.244019 0.353426 0.138756 0.034264