20 0.500897 0.494924 0.989833 0.979695
22 0.970395 0.023477 0.018541 0.029188
29 0.914175 0.024112 0.018541 0.027919
0 0.975179 0.083122 0.017344 0.021574
0 0.973983 0.902284 0.016148 0.025381
0 0.958433 0.926396 0.014952 0.025381
0 0.145634 0.924492 0.018541 0.026650
0 0.956340 0.430838 0.015550 0.029188
0 0.956340 0.694162 0.016746 0.022843
3 0.420156 0.444797 0.188397 0.044416
3 0.419856 0.491117 0.188995 0.048223
3 0.418660 0.543147 0.186603 0.055838
3 0.418959 0.595812 0.186005 0.049492
3 0.419557 0.642132 0.187201 0.043147
3 0.729665 0.641497 0.433014 0.044416
3 0.728469 0.589467 0.434211 0.049492
3 0.729366 0.539975 0.434809 0.039340
3 0.731160 0.487944 0.431220 0.049492
3 0.728768 0.440355 0.427632 0.040609
3 0.325359 0.375000 0.027512 0.034264
4 0.603768 0.106599 0.022129 0.027919
4 0.604964 0.155457 0.019737 0.029188
4 0.604067 0.199873 0.019139 0.024112
4 0.604665 0.244924 0.021531 0.027919
4 0.647727 0.305838 0.019139 0.027919
4 0.658194 0.375635 0.018541 0.025381
4 0.154306 0.242386 0.019139 0.025381
4 0.152213 0.800127 0.018541 0.024112
0 0.232356 0.647208 0.172847 0.032995
0 0.230861 0.692259 0.168660 0.031726
3 0.614833 0.845812 0.620813 0.039340
0 0.347189 0.362310 0.014952 0.013959
0 0.346591 0.378807 0.016148 0.019036
6 0.347189 0.374365 0.018541 0.035533
3 0.424940 0.307741 0.328349 0.031726
3 0.448565 0.154822 0.220096 0.032995
0 0.566986 0.146574 0.015550 0.013959
0 0.566388 0.161802 0.016746 0.016497
6 0.564892 0.155457 0.020933 0.034264
0 0.563098 0.105964 0.024522 0.034264
0 0.562500 0.198604 0.019737 0.024112
5 0.458134 0.200508 0.240431 0.030457
34 0.455443 0.104695 0.236244 0.034264
9 0.973983 0.492386 0.018541 0.837563
9 0.973684 0.504442 0.016746 0.714467
9 0.550538 0.928299 0.827153 0.026650
9 0.544557 0.927665 0.735048 0.020305
0 0.825658 0.972081 0.099880 0.035533
0 0.934510 0.977157 0.099880 0.030457
24 0.613935 0.307107 0.035287 0.040609
19 0.071172 0.147208 0.083732 0.137056
19 0.070574 0.289975 0.087321 0.140863
19 0.071471 0.435279 0.089115 0.149746
19 0.072967 0.586929 0.086124 0.153553