4 0.539063 0.634459 0.018750 0.022973
4 0.538281 0.679730 0.020313 0.024324
4 0.522656 0.787162 0.018750 0.022973
4 0.521875 0.829730 0.021875 0.029730
0 0.255859 0.487162 0.017969 0.020270
0 0.257031 0.505405 0.017188 0.010811
0 0.220703 0.592568 0.013281 0.020270
0 0.645703 0.486486 0.013281 0.016216
0 0.646484 0.501351 0.011719 0.013514
0 0.607813 0.583784 0.014063 0.016216
6 0.646484 0.494595 0.017969 0.045946
6 0.608594 0.589189 0.020313 0.035135
6 0.256250 0.493919 0.021875 0.041892
6 0.220703 0.596622 0.022656 0.031081
3 0.621484 0.492568 0.032031 0.033784
3 0.585547 0.587162 0.027344 0.033784
3 0.227734 0.492568 0.033594 0.031081
3 0.196094 0.595270 0.026563 0.031081
20 0.503906 0.487162 0.821875 0.877027
22 0.888281 0.078378 0.028125 0.032432
29 0.834375 0.074324 0.023438 0.035135
0 0.746484 0.883108 0.102344 0.036486
0 0.853516 0.880405 0.094531 0.033784
14 0.241797 0.186486 0.267969 0.137838
3 0.186328 0.176351 0.127344 0.058108
3 0.183984 0.229730 0.122656 0.048649
3 0.308594 0.225676 0.126563 0.056757
3 0.308984 0.175000 0.125781 0.044595
5 0.248047 0.708108 0.082031 0.035135
0 0.389062 0.652703 0.184375 0.032432
0 0.389062 0.685811 0.184375 0.033784
0 0.388672 0.719595 0.183594 0.033784
0 0.388672 0.758108 0.183594 0.043243
0 0.387891 0.793919 0.182031 0.028378
0 0.390625 0.825676 0.176562 0.035135
0 0.278125 0.706757 0.017188 0.018919
0 0.051136 0.982868 0.092703 0.024112
0 0.159091 0.979695 0.090909 0.030457
0 0.259868 0.977792 0.091507 0.034264
19 0.020036 0.218909 0.028110 0.039340
19 0.019737 0.274112 0.020335 0.035533
19 0.019737 0.313452 0.023923 0.035533
19 0.020634 0.352792 0.019737 0.032995
19 0.021531 0.395939 0.017943 0.032995
19 0.021531 0.435279 0.023923 0.040609
19 0.020335 0.475254 0.026316 0.039340
19 0.020036 0.519670 0.028110 0.034264
19 0.020036 0.566624 0.020933 0.034264
19 0.020335 0.621193 0.023923 0.034264
19 0.019737 0.666244 0.025120 0.035533
19 0.019438 0.704315 0.024522 0.040609
19 0.019139 0.744924 0.025120 0.040609
19 0.018840 0.787437 0.024522 0.044416
19 0.978469 0.170685 0.020335 0.026650