20 0.503589 0.499365 0.989234 0.838832
22 0.967703 0.103426 0.028708 0.031726
0 0.973684 0.163071 0.016746 0.024112
0 0.974581 0.843274 0.014952 0.026650
0 0.934211 0.880076 0.098086 0.034264
0 0.823565 0.887690 0.102871 0.036802
0 0.334031 0.167513 0.025718 0.030457
0 0.338517 0.215102 0.019139 0.029188
0 0.338218 0.261421 0.020933 0.027919
4 0.031100 0.797589 0.019139 0.031726
4 0.032596 0.842005 0.017344 0.029188
4 0.031400 0.573604 0.016148 0.030457
9 0.974581 0.498096 0.018541 0.704315
9 0.973385 0.372462 0.017344 0.399746
3 0.257775 0.304569 0.179426 0.030457
3 0.257775 0.351523 0.183014 0.027919
5 0.256280 0.169416 0.176435 0.036802
5 0.258074 0.212563 0.182416 0.039340
5 0.255682 0.260152 0.178828 0.048223
29 0.910287 0.105330 0.023923 0.030457