20 0.498804 0.499365 0.992823 0.988579
19 0.072368 0.145305 0.086124 0.130711
19 0.071172 0.295051 0.089713 0.120558
19 0.071172 0.440990 0.087321 0.133249
19 0.070873 0.593274 0.092703 0.130711
19 0.533493 0.263325 0.034689 0.039340
19 0.530203 0.329949 0.035287 0.038071
19 0.528409 0.380076 0.032895 0.039340
19 0.529007 0.428934 0.034091 0.035533
19 0.530801 0.479695 0.031699 0.035533
19 0.528708 0.528553 0.033493 0.036802
19 0.528110 0.578680 0.033493 0.038071
19 0.530203 0.630076 0.034091 0.036802
19 0.529007 0.676396 0.034091 0.035533
19 0.530203 0.728426 0.036483 0.043147
19 0.529306 0.774746 0.035885 0.039340
19 0.947368 0.262690 0.032297 0.035533
19 0.937799 0.380711 0.034689 0.043147
19 0.938397 0.494924 0.033493 0.040609
19 0.940191 0.761421 0.039474 0.045685
0 0.973086 0.080584 0.015550 0.019036
0 0.975478 0.903553 0.015550 0.017766
0 0.956340 0.923223 0.016746 0.019036
0 0.144438 0.923223 0.019737 0.026650
9 0.974282 0.490482 0.015550 0.795685
9 0.973983 0.501904 0.013756 0.706853
9 0.552333 0.925761 0.796053 0.031726
9 0.546053 0.923858 0.735646 0.025381
3 0.566687 0.106599 0.717105 0.035533
3 0.566388 0.157360 0.716507 0.035533
3 0.359450 0.263325 0.300239 0.034264
3 0.775419 0.264594 0.298445 0.034264
3 0.366627 0.328046 0.276316 0.034264
3 0.367524 0.380076 0.274522 0.029188
3 0.366926 0.429569 0.273325 0.026650
3 0.366328 0.477157 0.274522 0.035533
3 0.365431 0.529188 0.275120 0.038071
3 0.366029 0.582487 0.275120 0.035533
3 0.365730 0.630711 0.273325 0.032995
3 0.365431 0.678934 0.275120 0.038071
3 0.744916 0.378173 0.333134 0.032995
4 0.587022 0.657995 0.020933 0.031726
2 0.587321 0.615482 0.021531 0.025381
2 0.587321 0.714467 0.021531 0.030457
4 0.153708 0.836294 0.019139 0.027919
4 0.152811 0.203680 0.018541 0.024112
3 0.745215 0.494289 0.332536 0.034264
3 0.366328 0.728426 0.275718 0.032995
3 0.366029 0.780457 0.276316 0.025381
3 0.744318 0.763325 0.329545 0.034264
0 0.827452 0.973985 0.097488 0.034264
0 0.936005 0.977157 0.101675 0.035533
22 0.969199 0.024112 0.019737 0.025381
29 0.913577 0.027919 0.017344 0.032995