6 0.770335 0.625635 0.017943 0.032995
6 0.770335 0.676396 0.016746 0.038071
0 0.767045 0.722716 0.014952 0.019036
22 0.767344 0.171954 0.028708 0.031726
3 0.633074 0.628173 0.257775 0.030457
3 0.632476 0.678299 0.256579 0.034264
5 0.641447 0.726523 0.274522 0.044416
5 0.642045 0.860406 0.276914 0.208122
0 0.543062 0.773477 0.075359 0.029188
0 0.543361 0.805203 0.074761 0.034264
0 0.543361 0.840736 0.074761 0.036802
0 0.543959 0.878173 0.073565 0.038071
0 0.772129 0.619924 0.015550 0.013959
0 0.771232 0.635787 0.011364 0.017766
0 0.770335 0.668147 0.013158 0.019036
0 0.770933 0.684010 0.011962 0.012690
19 0.022727 0.223350 0.028708 0.040609
19 0.022428 0.275381 0.028110 0.040609
19 0.021830 0.312183 0.032895 0.035533
19 0.023026 0.352157 0.026914 0.034264
19 0.022727 0.390863 0.027512 0.043147
19 0.020335 0.432741 0.022727 0.040609
19 0.018840 0.475254 0.025718 0.044416
19 0.020335 0.517132 0.028708 0.039340
19 0.020634 0.563452 0.029306 0.050761
19 0.020036 0.612944 0.028110 0.048223
19 0.021531 0.665609 0.025120 0.057107
19 0.020933 0.713832 0.023923 0.039340
19 0.020634 0.750000 0.024522 0.032995
19 0.019737 0.787437 0.022727 0.041878
19 0.248804 0.113579 0.028708 0.046954
19 0.287081 0.114213 0.029904 0.045685
19 0.328648 0.114848 0.030502 0.039340
19 0.385167 0.111041 0.031100 0.041878
19 0.530801 0.112310 0.023325 0.039340
19 0.979665 0.172589 0.020335 0.032995
0 0.254785 0.944797 0.022727 0.024112
28 0.035885 0.111675 0.026316 0.038071
24 0.073565 0.114848 0.023923 0.041878
23 0.114833 0.111041 0.040670 0.044416
26 0.176734 0.109772 0.026914 0.044416
25 0.212620 0.114213 0.024522 0.032995
0 0.500897 0.113579 0.011364 0.024112
0 0.630383 0.108503 0.016746 0.034264
5 0.459031 0.114213 0.105861 0.038071
5 0.596591 0.111675 0.089115 0.030457
29 0.711124 0.171320 0.017943 0.038071
20 0.499402 0.502538 0.589713 0.700508
14 0.351077 0.289340 0.261962 0.144670
3 0.421352 0.274746 0.127392 0.054569
3 0.418959 0.327411 0.132177 0.050761
3 0.294856 0.279822 0.124402 0.067259
3 0.296053 0.337563 0.126794 0.048223
32 0.913876 0.022843 0.028708 0.027919
22 0.969498 0.020305 0.022727 0.030457