19 0.917464 0.170051 0.027512 0.020305
19 0.947069 0.168147 0.019737 0.021574
19 0.979067 0.172589 0.023923 0.025381
0 0.628888 0.112944 0.017344 0.025381
0 0.503289 0.113579 0.010167 0.021574
19 0.534390 0.112944 0.030502 0.040609
19 0.387560 0.111675 0.026316 0.038071
23 0.116627 0.118020 0.019139 0.030457
24 0.075957 0.113579 0.028708 0.044416
28 0.036483 0.115482 0.032297 0.045685
19 0.054127 0.166244 0.024522 0.035533
19 0.023325 0.172589 0.026316 0.038071
19 0.082237 0.166878 0.026914 0.039340
5 0.461124 0.116117 0.113636 0.044416
5 0.595993 0.112944 0.083134 0.040609
19 0.021830 0.218274 0.024522 0.022843
19 0.022129 0.262690 0.023923 0.035533
19 0.018840 0.300127 0.022129 0.026650
19 0.021830 0.352792 0.023325 0.022843
19 0.021830 0.393401 0.017344 0.025381
19 0.020335 0.437183 0.017943 0.026650
19 0.022129 0.471447 0.017943 0.034264
19 0.022727 0.514594 0.014354 0.029188
19 0.020933 0.603426 0.021531 0.024112
19 0.020335 0.553299 0.020335 0.030457
19 0.019438 0.654188 0.016148 0.026650
19 0.023026 0.693528 0.025718 0.029188
19 0.019737 0.736675 0.022727 0.026650
19 0.020036 0.777284 0.020933 0.024112
19 0.020036 0.814086 0.019737 0.029188
19 0.021232 0.853426 0.022129 0.029188
0 0.025419 0.064721 0.034091 0.027919
0 0.064892 0.067893 0.038876 0.029188
0 0.111842 0.067259 0.045455 0.027919
0 0.162679 0.067259 0.055024 0.027919
0 0.215012 0.065355 0.054426 0.026650
0 0.273325 0.069797 0.064593 0.027919
0 0.353768 0.069162 0.091507 0.026650
0 0.425538 0.070431 0.059211 0.026650
0 0.480263 0.069162 0.053828 0.029188
0 0.538577 0.069797 0.068780 0.030457
0 0.596890 0.067893 0.052632 0.034264
0 0.049342 0.979061 0.085526 0.031726
22 0.968600 0.031726 0.030502 0.035533
32 0.916268 0.022843 0.037081 0.032995
7 0.254785 0.517132 0.234450 0.909898
0 0.255383 0.109137 0.215311 0.027919
0 0.255981 0.140863 0.214115 0.035533
0 0.252990 0.178299 0.210526 0.034264
0 0.252990 0.216371 0.210526 0.041878
0 0.250897 0.255076 0.206340 0.035533
0 0.250598 0.291878 0.206938 0.038071
0 0.252093 0.332487 0.209928 0.043147
0 0.252093 0.373096 0.209928 0.038071
0 0.257177 0.409264 0.220096 0.034264
0 0.255981 0.446701 0.222488 0.040609
0 0.256641 0.487162 0.222656 0.039189
0 0.255078 0.523649 0.225781 0.033784
0 0.254297 0.560811 0.224219 0.040541
0 0.254297 0.597973 0.224219 0.033784
0 0.254688 0.638514 0.225000 0.047297
0 0.256250 0.679054 0.221875 0.033784
0 0.256250 0.714189 0.221875 0.036486
0 0.255469 0.750676 0.223437 0.036486
0 0.252344 0.788514 0.217188 0.039189
0 0.252344 0.827703 0.217188 0.039189
0 0.250000 0.866216 0.212500 0.037838
0 0.251563 0.904730 0.209375 0.039189
0 0.250781 0.943919 0.207812 0.039189
8 0.434766 0.795946 0.175781 0.345946
0 0.443750 0.643919 0.139063 0.033784
0 0.446094 0.673649 0.134375 0.025676
0 0.444922 0.707432 0.132031 0.041892
0 0.448438 0.749324 0.125000 0.041892
0 0.449609 0.789189 0.127344 0.037838
0 0.450000 0.831081 0.126563 0.045946
0 0.448047 0.869595 0.122656 0.031081
0 0.449219 0.908108 0.120313 0.045946
0 0.444922 0.944595 0.113281 0.027027