0 0.025419 0.064721 0.034091 0.027919
0 0.064892 0.067893 0.038876 0.029188
0 0.111842 0.067259 0.045455 0.027919
0 0.162679 0.067259 0.055024 0.027919
0 0.215012 0.065355 0.054426 0.026650
0 0.273325 0.069797 0.064593 0.027919
0 0.353768 0.069162 0.091507 0.026650
0 0.425538 0.070431 0.059211 0.026650
0 0.480263 0.069162 0.053828 0.029188
0 0.538577 0.069797 0.068780 0.030457
0 0.596890 0.067893 0.052632 0.034264
0 0.049342 0.979061 0.085526 0.031726
22 0.968600 0.031726 0.030502 0.035533
32 0.916268 0.022843 0.037081 0.032995
7 0.195873 0.366117 0.375000 0.620558
0 0.195873 0.100888 0.366627 0.031726
0 0.194378 0.135787 0.369617 0.038071
0 0.191089 0.178299 0.363038 0.046954
0 0.189593 0.218909 0.366029 0.034264
0 0.190191 0.255076 0.367225 0.038071
0 0.194976 0.337563 0.352871 0.030457
0 0.191986 0.371193 0.358852 0.036802
0 0.188397 0.412437 0.349282 0.043147
0 0.190191 0.453680 0.345694 0.039340
0 0.180921 0.491117 0.327153 0.035533
0 0.181818 0.528553 0.325359 0.039340
0 0.154007 0.565990 0.269737 0.035533
0 0.153409 0.605330 0.270933 0.043147
0 0.143840 0.651650 0.225478 0.026650
0 0.157297 0.977792 0.092105 0.024112
0 0.263158 0.977157 0.095694 0.020305
5 0.457835 0.110406 0.109450 0.040609
5 0.595694 0.114848 0.088517 0.034264
0 0.500897 0.112944 0.010167 0.010152
0 0.527213 0.107234 0.034091 0.039340
0 0.629486 0.112310 0.013756 0.019036
19 0.020036 0.697335 0.019737 0.029188
19 0.020933 0.737944 0.023923 0.026650
19 0.022428 0.775381 0.018541 0.025381
19 0.020634 0.818528 0.018541 0.020305
19 0.020036 0.861041 0.018541 0.031726
8 0.449462 0.216371 0.165670 0.039340
0 0.453349 0.213832 0.100478 0.026650