20 0.447967 0.436548 0.894737 0.862944
22 0.868421 0.022843 0.033493 0.043147
29 0.810108 0.026015 0.026914 0.036802
19 0.074163 0.099619 0.107656 0.064721
19 0.072368 0.161802 0.111244 0.059645
19 0.072069 0.220812 0.110646 0.058376
19 0.072667 0.281091 0.109450 0.062183
19 0.074163 0.340102 0.112440 0.055838
19 0.099880 0.405457 0.162679 0.067259
19 0.099282 0.470178 0.163876 0.062183
19 0.101376 0.527284 0.168062 0.052030
19 0.099282 0.583122 0.172249 0.059645
19 0.101974 0.643401 0.177632 0.060914
19 0.101376 0.710025 0.170455 0.064721
3 0.137560 0.776650 0.248804 0.035533
0 0.736842 0.827411 0.089713 0.030457
0 0.839713 0.826142 0.090909 0.032995
0 0.873206 0.085025 0.022727 0.030457
5 0.583134 0.085025 0.606459 0.032995
4 0.292165 0.123731 0.017344 0.029188
4 0.294258 0.156726 0.015550 0.036802
0 0.874402 0.197335 0.015550 0.013959
0 0.874402 0.212563 0.015550 0.016497
6 0.876495 0.206218 0.018541 0.034264
3 0.665969 0.204949 0.394139 0.034264