0 0.020036 0.069797 0.034091 0.032995
0 0.063397 0.066624 0.045455 0.024112
0 0.111842 0.066624 0.049043 0.021574
0 0.163577 0.065990 0.052033 0.025381
0 0.217703 0.067259 0.050239 0.022843
0 0.266148 0.066624 0.045455 0.029188
0 0.324462 0.065990 0.074761 0.025381
0 0.409091 0.067893 0.093301 0.029188
0 0.484749 0.069797 0.058014 0.022843
0 0.537081 0.065355 0.051435 0.034264
0 0.598086 0.065355 0.070574 0.024112
0 0.654007 0.064721 0.047249 0.027919
22 0.971591 0.022843 0.029306 0.040609
32 0.914175 0.026015 0.031699 0.039340
19 0.018242 0.203046 0.029306 0.035533
19 0.017943 0.236675 0.031100 0.031726
19 0.017644 0.270939 0.031699 0.034264
19 0.017943 0.308376 0.031100 0.040609
19 0.017045 0.348350 0.029306 0.039340
19 0.016148 0.385152 0.031100 0.034264
19 0.015849 0.424492 0.030502 0.044416
19 0.017344 0.464467 0.027512 0.035533
19 0.016447 0.497462 0.025718 0.030457
19 0.017045 0.527919 0.024522 0.030457
19 0.016447 0.561548 0.023325 0.036802
19 0.532895 0.109137 0.028708 0.040609
19 0.966806 0.112310 0.026914 0.039340
19 0.900120 0.109137 0.035885 0.040609
0 0.992225 0.112310 0.014354 0.031726
0 0.928230 0.109137 0.011962 0.030457
0 0.852572 0.106599 0.024522 0.025381
0 0.704844 0.110406 0.013756 0.025381
0 0.624402 0.108503 0.015550 0.024112
5 0.797249 0.109137 0.142344 0.048223
35 0.908194 0.107868 0.054426 0.050761
35 0.969797 0.109772 0.054426 0.052030
5 0.681220 0.112310 0.069378 0.031726
5 0.602871 0.112310 0.063397 0.034264
30 0.496112 0.109137 0.030502 0.048223
22 0.982955 0.554569 0.026914 0.043147
19 0.016746 0.967640 0.029904 0.039340
19 0.053529 0.970812 0.035287 0.055838
0 0.812799 0.968909 0.077751 0.044416
0 0.743720 0.973350 0.049641 0.043147
0 0.711124 0.970812 0.015550 0.032995
5 0.675538 0.975254 0.084330 0.036802
19 0.872907 0.971447 0.031699 0.036802
19 0.957835 0.972081 0.036483 0.040609
19 0.423744 0.111041 0.028110 0.046954
0 0.212321 0.189721 0.342105 0.044416
0 0.211722 0.228426 0.343301 0.032995
0 0.210227 0.266497 0.340311 0.043147
0 0.211722 0.304569 0.337321 0.032995
0 0.209330 0.339467 0.332536 0.036802
0 0.209928 0.377538 0.331340 0.039340
0 0.208433 0.422589 0.328349 0.050761
0 0.208732 0.470178 0.327751 0.044416
0 0.208732 0.513325 0.327751 0.041878
0 0.210227 0.553299 0.324761 0.038071
0 0.209928 0.597716 0.320574 0.043147
0 0.208433 0.638325 0.317584 0.038071
0 0.209031 0.679569 0.315191 0.041878
7 0.213218 0.382614 0.345096 0.663706
0 0.526914 0.296954 0.284689 0.040609
0 0.529007 0.338198 0.280502 0.041878
0 0.526316 0.378807 0.275120 0.039340
0 0.531100 0.416878 0.265550 0.036802
8 0.512560 0.359772 0.322967 0.166244