0 0.020036 0.069797 0.034091 0.032995
0 0.063397 0.066624 0.045455 0.024112
0 0.111842 0.066624 0.049043 0.021574
0 0.163577 0.065990 0.052033 0.025381
0 0.217703 0.067259 0.050239 0.022843
0 0.266148 0.066624 0.045455 0.029188
0 0.324462 0.065990 0.074761 0.025381
0 0.409091 0.067893 0.093301 0.029188
0 0.484749 0.069797 0.058014 0.022843
0 0.537081 0.065355 0.051435 0.034264
0 0.598086 0.065355 0.070574 0.024112
0 0.654007 0.064721 0.047249 0.027919
22 0.971591 0.022843 0.029306 0.040609
32 0.914175 0.026015 0.031699 0.039340
19 0.018242 0.203046 0.029306 0.035533
19 0.017943 0.236675 0.031100 0.031726
19 0.017644 0.270939 0.031699 0.034264
19 0.017943 0.308376 0.031100 0.040609
19 0.017045 0.348350 0.029306 0.039340
19 0.016148 0.385152 0.031100 0.034264
19 0.015849 0.424492 0.030502 0.044416
19 0.017344 0.464467 0.027512 0.035533
19 0.016447 0.497462 0.025718 0.030457
19 0.017045 0.527919 0.024522 0.030457
19 0.016447 0.561548 0.023325 0.036802
19 0.532895 0.109137 0.028708 0.040609
19 0.966806 0.112310 0.026914 0.039340
19 0.900120 0.109137 0.035885 0.040609
0 0.992225 0.112310 0.014354 0.031726
0 0.928230 0.109137 0.011962 0.030457
0 0.852572 0.106599 0.024522 0.025381
0 0.704844 0.110406 0.013756 0.025381
0 0.624402 0.108503 0.015550 0.024112
5 0.797249 0.109137 0.142344 0.048223
35 0.908194 0.107868 0.054426 0.050761
35 0.969797 0.109772 0.054426 0.052030
5 0.681220 0.112310 0.069378 0.031726
5 0.602871 0.112310 0.063397 0.034264
30 0.496112 0.109137 0.030502 0.048223
22 0.982955 0.554569 0.026914 0.043147
0 0.711722 0.977792 0.011962 0.031726
0 0.625299 0.976523 0.014952 0.026650
0 0.751495 0.975254 0.048445 0.029188
0 0.813995 0.978426 0.071770 0.025381
19 0.872907 0.975888 0.031699 0.043147
19 0.915969 0.973985 0.041268 0.029188
19 0.957835 0.972081 0.035287 0.045685
19 0.547249 0.972716 0.025120 0.031726
5 0.605263 0.973350 0.063397 0.043147
5 0.682117 0.970178 0.071172 0.041878
28 0.030502 0.106599 0.035885 0.040609
0 0.070275 0.109772 0.031699 0.049492
19 0.016746 0.967640 0.029904 0.039340
19 0.053529 0.970812 0.035287 0.055838
0 0.269139 0.104695 0.369617 0.052030
0 0.270335 0.151015 0.367225 0.040609
0 0.270036 0.189721 0.366627 0.036802
0 0.267943 0.231599 0.370813 0.046954
0 0.267344 0.272208 0.369617 0.034264
0 0.268541 0.312817 0.367225 0.046954
0 0.270335 0.355964 0.370813 0.039340
0 0.271531 0.394036 0.368421 0.036802
0 0.271232 0.431472 0.367823 0.038071
0 0.270634 0.470178 0.369019 0.039340
0 0.269737 0.510152 0.364833 0.040609
0 0.266148 0.545685 0.366029 0.035533
0 0.267045 0.590102 0.359450 0.035533
0 0.266148 0.631345 0.357656 0.046954
0 0.264354 0.676396 0.361244 0.043147
0 0.265251 0.719543 0.363038 0.043147
0 0.265550 0.761421 0.362440 0.040609
0 0.266746 0.800761 0.364833 0.038071
0 0.266746 0.838198 0.364833 0.036802
0 0.269737 0.878807 0.370813 0.044416
7 0.271232 0.478426 0.373804 0.842640
0 0.592105 0.675761 0.289474 0.044416
0 0.594199 0.713832 0.285287 0.031726
0 0.593301 0.751904 0.283493 0.044416
0 0.593900 0.792513 0.282297 0.036802
0 0.595096 0.827411 0.284689 0.032995
0 0.595694 0.864213 0.283493 0.040609
0 0.595694 0.911168 0.283493 0.053299
8 0.584629 0.796954 0.315191 0.291878