0 0.837022 0.868655 0.086722 0.034264
0 0.938098 0.871193 0.091507 0.034264
0 0.238935 0.173223 0.019737 0.024112
0 0.239234 0.746827 0.021531 0.016497
22 0.969199 0.112310 0.028110 0.029188
29 0.914773 0.114213 0.013756 0.035533
0 0.973983 0.171954 0.019737 0.026650
0 0.974581 0.818528 0.018541 0.040609
9 0.973684 0.498096 0.026316 0.686548
9 0.972787 0.338198 0.024522 0.300761
0 0.238636 0.218274 0.021531 0.030457
0 0.236842 0.260152 0.022727 0.025381
0 0.235945 0.388325 0.020933 0.025381
9 0.237141 0.569162 0.025718 0.389594
9 0.236244 0.547589 0.025120 0.288071
3 0.194079 0.304569 0.113038 0.035533
3 0.193481 0.347081 0.115431 0.034264
0 0.180323 0.388959 0.085526 0.026650
0 0.180622 0.415609 0.084928 0.026650
0 0.180024 0.442893 0.083732 0.027919
0 0.180921 0.466371 0.081938 0.019036
0 0.181220 0.489213 0.083732 0.026650
5 0.193481 0.172589 0.109450 0.032995
5 0.194378 0.216371 0.111244 0.029188
5 0.192883 0.259518 0.111842 0.039340
20 0.498206 0.541244 0.996411 0.909898
4 0.006280 0.563452 0.012560 0.027919
4 0.008074 0.781726 0.013756 0.025381
4 0.008373 0.819162 0.014354 0.039340