20 0.482057 0.489213 0.925837 0.803299
22 0.915371 0.110406 0.026914 0.030457
29 0.860048 0.111041 0.020335 0.029188
0 0.083433 0.856599 0.089115 0.035533
0 0.184809 0.859137 0.089713 0.040609
0 0.286483 0.804569 0.093301 0.030457
0 0.284091 0.856599 0.089713 0.032995
0 0.386065 0.805203 0.089115 0.029188
0 0.487440 0.810279 0.090909 0.036802
0 0.386065 0.857234 0.089115 0.031726
0 0.487141 0.857868 0.089115 0.032995
0 0.782596 0.857868 0.087919 0.032995
0 0.884569 0.855330 0.090909 0.035533
29 0.621112 0.357234 0.018541 0.036802
3 0.782895 0.173223 0.290670 0.034264
3 0.783792 0.244924 0.292464 0.083756
3 0.783792 0.314721 0.292464 0.035533
3 0.785287 0.357234 0.293062 0.034264
0 0.920156 0.398477 0.018541 0.027919
5 0.783792 0.401015 0.294856 0.035533
2 0.643242 0.437817 0.023325 0.022843
2 0.721591 0.442259 0.029306 0.024112
2 0.831041 0.442893 0.018541 0.017766