0 0.020036 0.069797 0.034091 0.032995
0 0.063397 0.066624 0.045455 0.024112
0 0.111842 0.066624 0.049043 0.021574
0 0.163577 0.065990 0.052033 0.025381
0 0.217703 0.067259 0.050239 0.022843
0 0.266148 0.066624 0.045455 0.029188
0 0.324462 0.065990 0.074761 0.025381
0 0.409091 0.067893 0.093301 0.029188
0 0.484749 0.069797 0.058014 0.022843
0 0.537081 0.065355 0.051435 0.034264
0 0.598086 0.065355 0.070574 0.024112
0 0.654007 0.064721 0.047249 0.027919
22 0.971591 0.022843 0.029306 0.040609
32 0.914175 0.026015 0.031699 0.039340
19 0.018242 0.203046 0.029306 0.035533
19 0.017943 0.236675 0.031100 0.031726
19 0.017644 0.270939 0.031699 0.034264
19 0.017943 0.308376 0.031100 0.040609
19 0.017045 0.348350 0.029306 0.039340
19 0.016148 0.385152 0.031100 0.034264
19 0.015849 0.424492 0.030502 0.044416
19 0.017344 0.464467 0.027512 0.035533
19 0.016447 0.497462 0.025718 0.030457
19 0.017045 0.527919 0.024522 0.030457
19 0.016447 0.561548 0.023325 0.036802
19 0.966806 0.112310 0.026914 0.039340
19 0.900120 0.109137 0.035885 0.040609
0 0.992225 0.112310 0.014354 0.031726
0 0.928230 0.109137 0.011962 0.030457
0 0.852572 0.106599 0.024522 0.025381
35 0.908194 0.107868 0.054426 0.050761
35 0.969797 0.109772 0.054426 0.052030
28 0.030502 0.106599 0.035885 0.040609
0 0.070275 0.109772 0.031699 0.049492
19 0.016746 0.967640 0.029904 0.039340
19 0.053529 0.970812 0.035287 0.055838
19 0.872907 0.971447 0.031699 0.036802
19 0.957835 0.972081 0.036483 0.040609
22 0.140550 0.110406 0.033493 0.048223
19 0.261364 0.106599 0.038278 0.035533
19 0.298744 0.107234 0.025718 0.041878
19 0.335825 0.111041 0.026914 0.041878
30 0.495813 0.107234 0.031100 0.041878
19 0.383373 0.107234 0.028708 0.041878
19 0.421950 0.102792 0.031699 0.040609
19 0.459330 0.112944 0.034689 0.038071
19 0.531699 0.111041 0.027512 0.031726
19 0.367823 0.243020 0.019139 0.024112
19 0.367225 0.275381 0.017943 0.025381
19 0.368720 0.312183 0.017344 0.025381
19 0.367225 0.347716 0.017943 0.027919
19 0.369617 0.468909 0.016746 0.034264
22 0.982057 0.556472 0.023923 0.026650
12 0.400419 0.560914 0.083134 0.040609
12 0.470096 0.562183 0.047847 0.030457
12 0.533493 0.553299 0.077751 0.035533
12 0.632775 0.559010 0.112440 0.034264
13 0.676136 0.558376 0.640550 0.045685
7 0.688995 0.201777 0.252392 0.294416
0 0.689892 0.101523 0.237440 0.038071
0 0.689892 0.148477 0.237440 0.055838
0 0.690191 0.196701 0.238038 0.040609
0 0.687799 0.236675 0.241627 0.031726
0 0.684809 0.272208 0.235646 0.039340
0 0.686603 0.317893 0.232057 0.052030