0 0.020036 0.069797 0.034091 0.032995
0 0.063397 0.066624 0.045455 0.024112
0 0.111842 0.066624 0.049043 0.021574
0 0.163577 0.065990 0.052033 0.025381
0 0.217703 0.067259 0.050239 0.022843
0 0.266148 0.066624 0.045455 0.029188
0 0.324462 0.065990 0.074761 0.025381
0 0.409091 0.067893 0.093301 0.029188
0 0.484749 0.069797 0.058014 0.022843
0 0.537081 0.065355 0.051435 0.034264
0 0.598086 0.065355 0.070574 0.024112
0 0.654007 0.064721 0.047249 0.027919
22 0.971591 0.022843 0.029306 0.040609
32 0.914175 0.026015 0.031699 0.039340
19 0.018242 0.203046 0.029306 0.035533
19 0.017943 0.236675 0.031100 0.031726
19 0.017644 0.270939 0.031699 0.034264
19 0.017943 0.308376 0.031100 0.040609
19 0.017045 0.348350 0.029306 0.039340
19 0.016148 0.385152 0.031100 0.034264
19 0.015849 0.424492 0.030502 0.044416
19 0.017344 0.464467 0.027512 0.035533
19 0.016447 0.497462 0.025718 0.030457
19 0.017045 0.527919 0.024522 0.030457
19 0.016447 0.561548 0.023325 0.036802
19 0.532895 0.109137 0.028708 0.040609
19 0.966806 0.112310 0.026914 0.039340
19 0.900120 0.109137 0.035885 0.040609
0 0.992225 0.112310 0.014354 0.031726
0 0.928230 0.109137 0.011962 0.030457
0 0.852572 0.106599 0.024522 0.025381
0 0.704844 0.110406 0.013756 0.025381
0 0.624402 0.108503 0.015550 0.024112
5 0.797249 0.109137 0.142344 0.048223
35 0.908194 0.107868 0.054426 0.050761
35 0.969797 0.109772 0.054426 0.052030
5 0.681220 0.112310 0.069378 0.031726
5 0.602871 0.112310 0.063397 0.034264
22 0.982955 0.554569 0.026914 0.043147
28 0.030502 0.106599 0.035885 0.040609
0 0.070275 0.109772 0.031699 0.049492
19 0.016746 0.967640 0.029904 0.039340
19 0.053529 0.970812 0.035287 0.055838
5 0.675538 0.975254 0.084330 0.036802
19 0.872907 0.971447 0.031699 0.036802
19 0.957835 0.972081 0.036483 0.040609
22 0.140550 0.110406 0.033493 0.048223
0 0.345395 0.101523 0.308014 0.038071
0 0.345395 0.138325 0.308014 0.035533
0 0.345096 0.175761 0.307416 0.039340
0 0.344199 0.216371 0.309211 0.041878
0 0.344199 0.253807 0.309211 0.032995
0 0.345395 0.289340 0.306818 0.038071
0 0.345096 0.327411 0.306220 0.038071
0 0.344797 0.363579 0.306818 0.034264
0 0.344199 0.400381 0.304426 0.039340
0 0.345096 0.437183 0.302632 0.034264
0 0.342703 0.472081 0.297847 0.035533
0 0.346292 0.505076 0.290670 0.030457
0 0.345395 0.541244 0.288876 0.041878
0 0.342404 0.578046 0.294856 0.031726
0 0.342105 0.614848 0.294258 0.041878
0 0.343002 0.654822 0.293660 0.038071
0 0.345395 0.693528 0.298445 0.039340
0 0.344797 0.731599 0.299641 0.036802
0 0.350179 0.780457 0.297249 0.032995
0 0.348983 0.815990 0.299641 0.038071
0 0.346292 0.855964 0.294258 0.041878
0 0.345993 0.895939 0.294856 0.038071
0 0.344498 0.928934 0.291866 0.027919
0 0.346591 0.961929 0.287679 0.038071
7 0.346292 0.520939 0.316986 0.940355
0 0.571471 0.581218 0.138158 0.032995
0 0.571471 0.616751 0.138158 0.038071
0 0.570574 0.654188 0.136364 0.036802
0 0.571172 0.690355 0.135167 0.035533
0 0.570873 0.725888 0.134569 0.035533
0 0.571172 0.762056 0.133971 0.036802
0 0.571471 0.798223 0.134569 0.035533
0 0.571471 0.835660 0.134569 0.039340
0 0.572069 0.873096 0.135766 0.035533
0 0.571172 0.906726 0.137560 0.031726
8 0.556220 0.748731 0.174641 0.375635