22 0.868720 0.026650 0.023325 0.025381
29 0.811304 0.024112 0.014952 0.030457
20 0.449163 0.439086 0.894737 0.865482
0 0.737141 0.826777 0.087919 0.031726
0 0.838218 0.829315 0.091507 0.034264
19 0.074761 0.095812 0.114833 0.057107
19 0.073864 0.157995 0.116627 0.067259
19 0.073266 0.222716 0.115431 0.062183
19 0.072967 0.284898 0.116029 0.064721
19 0.070873 0.345178 0.111842 0.055838
19 0.100179 0.403553 0.168062 0.063452
19 0.078050 0.463832 0.121411 0.057107
19 0.107057 0.520305 0.179426 0.060914
19 0.107356 0.579949 0.178828 0.058376
19 0.105861 0.638959 0.175837 0.059645
19 0.105861 0.703680 0.175837 0.069797
3 0.136364 0.775381 0.248804 0.032995
19 0.789773 0.141497 0.034091 0.034264
19 0.833433 0.137690 0.032895 0.034264
19 0.832536 0.183376 0.035885 0.039340
19 0.788278 0.187183 0.032297 0.026650
19 0.789175 0.226523 0.034091 0.036802
19 0.789773 0.273477 0.029306 0.034264
19 0.788577 0.314721 0.034091 0.025381
19 0.831938 0.227792 0.029904 0.039340
19 0.832237 0.271574 0.029306 0.035533
19 0.830144 0.310914 0.029904 0.035533
0 0.752990 0.140228 0.017943 0.034264
0 0.752691 0.184645 0.019737 0.031726
0 0.355562 0.508249 0.087919 0.036802
5 0.615431 0.141497 0.296651 0.034264
5 0.615132 0.241117 0.297249 0.142132
0 0.505981 0.209391 0.078947 0.022843
0 0.505383 0.235406 0.080144 0.029188
0 0.507775 0.258883 0.084928 0.017766
0 0.508373 0.277284 0.083732 0.019036
0 0.509270 0.300761 0.085526 0.027919
4 0.021232 0.826142 0.017344 0.025381