6 0.850478 0.251269 0.023923 0.040609
0 0.850778 0.243020 0.017344 0.016497
0 0.851376 0.257614 0.016148 0.012690
3 0.640550 0.251269 0.392344 0.030457
0 0.572368 0.481599 0.016746 0.016497
0 0.571770 0.496827 0.017943 0.013959
6 0.570275 0.484137 0.024522 0.029188
3 0.524522 0.486041 0.068182 0.025381
22 0.868720 0.026650 0.023325 0.025381
29 0.811304 0.024112 0.014952 0.030457
20 0.449163 0.439086 0.894737 0.865482
0 0.737141 0.826777 0.087919 0.031726
0 0.838218 0.829315 0.091507 0.034264
19 0.074761 0.095812 0.114833 0.057107
19 0.073864 0.157995 0.116627 0.067259
19 0.073266 0.222716 0.115431 0.062183
19 0.072967 0.284898 0.116029 0.064721
19 0.070873 0.345178 0.111842 0.055838
19 0.100179 0.403553 0.168062 0.063452
19 0.078050 0.463832 0.121411 0.057107
19 0.107057 0.520305 0.179426 0.060914
19 0.107356 0.579949 0.178828 0.058376
19 0.105861 0.638959 0.175837 0.059645
19 0.105861 0.703680 0.175837 0.069797
3 0.136364 0.775381 0.248804 0.032995
0 0.852273 0.122462 0.016746 0.031726
0 0.850478 0.168782 0.027512 0.035533
0 0.849282 0.210660 0.015550 0.020305
0 0.850179 0.293147 0.013756 0.025381
0 0.838517 0.451777 0.014354 0.015228
0 0.851376 0.486675 0.013756 0.021574
0 0.637560 0.533629 0.093301 0.034264
5 0.651017 0.122462 0.415670 0.029188
5 0.651615 0.165609 0.418062 0.029188
5 0.647727 0.370558 0.411483 0.185279
9 0.843600 0.382614 0.019737 0.161168
9 0.843002 0.406726 0.013756 0.044416
5 0.826555 0.486675 0.068182 0.029188
34 0.650419 0.210660 0.419258 0.038071
4 0.302033 0.478426 0.013158 0.015228
4 0.302632 0.388959 0.015550 0.021574
4 0.019438 0.827411 0.013756 0.022843