22 0.868720 0.026650 0.023325 0.025381
29 0.811304 0.024112 0.014952 0.030457
20 0.449163 0.439086 0.894737 0.865482
0 0.737141 0.826777 0.087919 0.031726
0 0.838218 0.829315 0.091507 0.034264
19 0.074761 0.095812 0.114833 0.057107
19 0.073864 0.157995 0.116627 0.067259
19 0.073266 0.222716 0.115431 0.062183
19 0.072967 0.284898 0.116029 0.064721
19 0.070873 0.345178 0.111842 0.055838
19 0.100179 0.403553 0.168062 0.063452
19 0.078050 0.463832 0.121411 0.057107
19 0.107057 0.520305 0.179426 0.060914
19 0.107356 0.579949 0.178828 0.058376
19 0.105861 0.638959 0.175837 0.059645
19 0.105861 0.703680 0.175837 0.069797
3 0.136364 0.775381 0.248804 0.032995
0 0.850478 0.120558 0.014354 0.022843
0 0.851376 0.159898 0.019737 0.027919
0 0.850478 0.207487 0.019139 0.021574
34 0.651615 0.366117 0.422847 0.351523
19 0.521830 0.239848 0.160885 0.027919
19 0.521531 0.273477 0.160287 0.031726
19 0.570574 0.303299 0.257177 0.022843
19 0.561005 0.333756 0.238038 0.027919
4 0.307715 0.387690 0.023325 0.029188
4 0.309510 0.489848 0.023325 0.022843
4 0.022129 0.827411 0.015550 0.035533