6 0.860048 0.164340 0.019139 0.034264
0 0.861543 0.157995 0.013756 0.013959
0 0.860646 0.172589 0.015550 0.015228
3 0.631280 0.163706 0.432416 0.030457
22 0.868720 0.026650 0.023325 0.025381
29 0.811304 0.024112 0.014952 0.030457
20 0.449163 0.439086 0.894737 0.865482
0 0.737141 0.826777 0.087919 0.031726
0 0.838218 0.829315 0.091507 0.034264
19 0.074761 0.095812 0.114833 0.057107
19 0.073864 0.157995 0.116627 0.067259
19 0.073266 0.222716 0.115431 0.062183
19 0.072967 0.284898 0.116029 0.064721
19 0.070873 0.345178 0.111842 0.055838
19 0.100179 0.403553 0.168062 0.063452
19 0.078050 0.463832 0.121411 0.057107
19 0.107057 0.520305 0.179426 0.060914
19 0.107356 0.579949 0.178828 0.058376
19 0.105861 0.638959 0.175837 0.059645
19 0.105861 0.703680 0.175837 0.069797
3 0.136364 0.775381 0.248804 0.032995
0 0.628888 0.118020 0.018541 0.027919
0 0.861244 0.447970 0.021531 0.032995
5 0.527213 0.124365 0.224282 0.038071
5 0.528708 0.206853 0.222488 0.025381
5 0.529007 0.360406 0.227871 0.106599
5 0.643541 0.452411 0.458134 0.034264
5 0.468301 0.493655 0.104067 0.030457
0 0.629486 0.210660 0.016148 0.025381
0 0.630383 0.327411 0.013158 0.035533
0 0.511663 0.492386 0.012560 0.020305
4 0.655801 0.120558 0.016148 0.030457
4 0.656699 0.247462 0.019139 0.025381
4 0.654007 0.329949 0.014952 0.020305
4 0.655801 0.369924 0.014952 0.031726
4 0.654007 0.402919 0.011364 0.019036
4 0.301734 0.551396 0.011364 0.026650
4 0.435706 0.548223 0.019737 0.025381
4 0.509868 0.543147 0.018541 0.022843
4 0.584330 0.550761 0.017943 0.020305
4 0.656699 0.550761 0.016746 0.022843
4 0.730861 0.543782 0.016746 0.011421
4 0.804127 0.548858 0.013756 0.024112