4 0.216507 0.497462 0.021531 0.025381
4 0.338816 0.501269 0.020933 0.025381
4 0.549940 0.498096 0.025718 0.034264
22 0.786184 0.092640 0.032895 0.038071
20 0.498804 0.496193 0.632775 0.850254
29 0.739533 0.100888 0.029306 0.041878
12 0.254187 0.159264 0.110048 0.034264
12 0.352273 0.163071 0.080144 0.029188
13 0.297847 0.158629 0.202153 0.048223
0 0.659091 0.883883 0.090909 0.031726
0 0.759569 0.885152 0.090909 0.044416
19 0.017943 0.202411 0.025120 0.039340
19 0.017045 0.241117 0.026914 0.038071
19 0.018242 0.279822 0.029306 0.039340
19 0.017943 0.317893 0.029904 0.036802
19 0.016447 0.354061 0.026914 0.035533
19 0.016447 0.387690 0.026914 0.031726
19 0.016447 0.421320 0.026914 0.035533
19 0.017045 0.458122 0.025718 0.038071
19 0.017644 0.494924 0.026914 0.035533
19 0.017943 0.532995 0.026316 0.040609
19 0.016746 0.568528 0.023923 0.027919
19 0.017943 0.975888 0.027512 0.038071
19 0.055921 0.974619 0.029306 0.038071
19 0.898624 0.104061 0.028110 0.038071
23 0.101376 0.108503 0.029306 0.044416
24 0.066089 0.111041 0.035287 0.044416
28 0.030801 0.104695 0.026914 0.052030
0 0.022428 0.064721 0.024522 0.027919
0 0.059510 0.067259 0.030502 0.032995
0 0.109151 0.066624 0.048445 0.031726
19 0.962919 0.106599 0.027512 0.043147
19 0.958732 0.973350 0.026316 0.043147
19 0.918660 0.975888 0.026316 0.038071
19 0.874402 0.976523 0.031100 0.034264
19 0.544557 0.965736 0.026914 0.043147
19 0.772727 0.210660 0.031100 0.038071
19 0.772727 0.303299 0.031100 0.038071
19 0.772428 0.355964 0.032895 0.036802
19 0.772727 0.404822 0.031100 0.035533
19 0.772428 0.451142 0.030502 0.031726
19 0.773325 0.716371 0.031100 0.034264
0 0.737440 0.208122 0.022727 0.032995
0 0.737739 0.255076 0.019737 0.030457
0 0.737440 0.355330 0.015550 0.022843
0 0.738038 0.403553 0.017943 0.035533
0 0.738038 0.452411 0.019139 0.026650
0 0.736244 0.625635 0.022727 0.025381
0 0.735646 0.807107 0.020335 0.030457
9 0.736543 0.717005 0.023325 0.208122
9 0.735945 0.685914 0.019737 0.090102
3 0.540072 0.580584 0.411483 0.031726
3 0.540072 0.535533 0.413876 0.040609
5 0.540969 0.207487 0.415670 0.031726
5 0.538278 0.284264 0.413876 0.091371
5 0.540371 0.404188 0.416866 0.036802
5 0.537978 0.454949 0.416866 0.039340
0 0.538577 0.282995 0.413278 0.022843
0 0.538876 0.305203 0.412679 0.021574