22 0.971591 0.022843 0.029306 0.040609
32 0.914175 0.026015 0.031699 0.039340
19 0.018242 0.203046 0.029306 0.035533
19 0.017943 0.236675 0.031100 0.031726
19 0.017644 0.270939 0.031699 0.034264
19 0.017943 0.308376 0.031100 0.040609
19 0.017045 0.348350 0.029306 0.039340
19 0.016148 0.385152 0.031100 0.034264
19 0.015849 0.424492 0.030502 0.044416
19 0.017344 0.464467 0.027512 0.035533
19 0.016447 0.497462 0.025718 0.030457
19 0.017045 0.527919 0.024522 0.030457
19 0.016447 0.561548 0.023325 0.036802
19 0.018840 0.977157 0.028110 0.038071
0 0.992225 0.112310 0.014354 0.031726
0 0.928230 0.109137 0.011962 0.030457
22 0.982955 0.554569 0.026914 0.043147
19 0.872907 0.975888 0.031699 0.043147
19 0.915969 0.973985 0.041268 0.029188
19 0.957835 0.972081 0.035287 0.045685
19 0.547249 0.972716 0.025120 0.031726
0 0.021232 0.061548 0.034091 0.031726
0 0.063098 0.066624 0.041268 0.029188
22 0.769737 0.088198 0.037081 0.046954
0 0.843002 0.107868 0.025718 0.032995
0 0.626196 0.972716 0.016746 0.044416
0 0.709330 0.975254 0.016746 0.034264
0 0.747010 0.973985 0.050239 0.031726
0 0.813397 0.973350 0.071770 0.027919
19 0.055921 0.971447 0.034091 0.039340
5 0.607356 0.974619 0.063995 0.048223
5 0.677931 0.973985 0.075957 0.041878
28 0.032596 0.109772 0.028110 0.044416
23 0.103170 0.108503 0.025718 0.057107
24 0.065490 0.111675 0.035287 0.045685
20 0.458732 0.435279 0.665072 0.756345
3 0.457835 0.166878 0.644139 0.079949
0 0.165969 0.154822 0.044856 0.063452
19 0.164175 0.694797 0.055622 0.087563
19 0.218600 0.690355 0.052033 0.083756
19 0.305622 0.687817 0.119617 0.083756
19 0.394139 0.688452 0.041866 0.069797
26 0.456340 0.692259 0.053828 0.082487
0 0.659689 0.775381 0.074163 0.035533
0 0.745215 0.772208 0.065789 0.041878