0 0.484749 0.069797 0.058014 0.022843
0 0.537081 0.065355 0.051435 0.034264
0 0.598086 0.065355 0.070574 0.024112
0 0.654007 0.064721 0.047249 0.027919
22 0.971591 0.022843 0.029306 0.040609
32 0.914175 0.026015 0.031699 0.039340
19 0.054426 0.973985 0.034689 0.034264
19 0.418959 0.107868 0.030502 0.040609
19 0.458134 0.109772 0.035885 0.046954
19 0.532895 0.109137 0.028708 0.040609
19 0.966806 0.112310 0.026914 0.039340
19 0.900120 0.109137 0.035885 0.040609
0 0.992225 0.112310 0.014354 0.031726
0 0.928230 0.109137 0.011962 0.030457
0 0.852572 0.106599 0.024522 0.025381
0 0.704844 0.110406 0.013756 0.025381
0 0.624402 0.108503 0.015550 0.024112
5 0.797249 0.109137 0.142344 0.048223
35 0.908194 0.107868 0.054426 0.050761
35 0.969797 0.109772 0.054426 0.052030
5 0.681220 0.112310 0.069378 0.031726
5 0.602871 0.112310 0.063397 0.034264
30 0.496112 0.109137 0.030502 0.048223
12 0.468600 0.558376 0.053230 0.027919
12 0.531998 0.557107 0.078349 0.032995
12 0.631878 0.560279 0.121411 0.036802
22 0.982955 0.554569 0.026914 0.043147
0 0.711722 0.977792 0.011962 0.031726
0 0.625299 0.976523 0.014952 0.026650
0 0.751495 0.975254 0.048445 0.029188
0 0.813995 0.978426 0.071770 0.025381
19 0.872907 0.975888 0.031699 0.043147
19 0.915969 0.973985 0.041268 0.029188
19 0.957835 0.972081 0.035287 0.045685
19 0.547249 0.972716 0.025120 0.031726
19 0.020036 0.973985 0.032895 0.041878
12 0.398325 0.561548 0.074163 0.021574
13 0.548146 0.557741 0.376196 0.039340
0 0.021232 0.066624 0.041268 0.021574
0 0.060706 0.068528 0.031699 0.022843
0 0.108553 0.064086 0.047249 0.024112
0 0.163577 0.059010 0.044856 0.024112
0 0.218002 0.065990 0.041268 0.022843
0 0.271830 0.064086 0.044856 0.031726
0 0.329246 0.064086 0.053230 0.029188
0 0.407596 0.072335 0.081938 0.022843
7 0.172249 0.382614 0.342105 0.666244
0 0.169557 0.103426 0.322368 0.041878
0 0.168959 0.140863 0.324761 0.027919
0 0.169856 0.177030 0.322967 0.034264
0 0.169856 0.210025 0.322967 0.031726
0 0.168062 0.248096 0.320574 0.044416
0 0.168959 0.338198 0.318780 0.031726
0 0.168062 0.369289 0.320574 0.030457
0 0.169258 0.407995 0.315789 0.041878
0 0.168959 0.444797 0.316388 0.031726
0 0.167464 0.486675 0.313397 0.052030
0 0.166866 0.531091 0.314593 0.036802
0 0.166866 0.570431 0.314593 0.041878
0 0.166866 0.616117 0.314593 0.049492
0 0.163577 0.669416 0.308014 0.057107
0 0.436902 0.216371 0.205144 0.031726
0 0.437201 0.248096 0.202153 0.034264
0 0.436005 0.286168 0.199761 0.041878
8 0.426435 0.257614 0.240431 0.126904