22 0.868720 0.026650 0.023325 0.025381
29 0.811304 0.024112 0.014952 0.030457
20 0.449163 0.439086 0.894737 0.865482
0 0.737141 0.826777 0.087919 0.031726
0 0.838218 0.829315 0.091507 0.034264
19 0.074761 0.095812 0.114833 0.057107
19 0.073864 0.157995 0.116627 0.067259
19 0.073266 0.222716 0.115431 0.062183
19 0.072967 0.284898 0.116029 0.064721
19 0.070873 0.345178 0.111842 0.055838
19 0.100179 0.403553 0.168062 0.063452
19 0.078050 0.463832 0.121411 0.057107
19 0.107057 0.520305 0.179426 0.060914
19 0.107356 0.579949 0.178828 0.058376
19 0.105861 0.638959 0.175837 0.059645
19 0.105861 0.703680 0.175837 0.069797
3 0.136364 0.775381 0.248804 0.032995
0 0.875000 0.110406 0.020335 0.030457
0 0.874402 0.618020 0.016746 0.022843
0 0.864234 0.645939 0.043062 0.025381
0 0.294856 0.644036 0.019139 0.019036
0 0.295754 0.142132 0.019737 0.022843
0 0.323565 0.166244 0.023923 0.025381
0 0.323565 0.188452 0.023923 0.019036
0 0.323864 0.209391 0.024522 0.022843
0 0.325060 0.232868 0.022129 0.024112
0 0.323565 0.254442 0.021531 0.019036
0 0.324462 0.274112 0.018541 0.020305
0 0.322667 0.296320 0.022129 0.021574
0 0.321172 0.316624 0.019139 0.019036
0 0.321172 0.338832 0.020335 0.025381
0 0.321172 0.360406 0.020335 0.017766
0 0.322069 0.381345 0.019737 0.024112
0 0.320574 0.402919 0.016746 0.019036
0 0.298445 0.425127 0.013158 0.015228
0 0.322667 0.445431 0.011364 0.015228
0 0.322967 0.470178 0.011962 0.031726
0 0.323266 0.496193 0.012560 0.020305
0 0.322069 0.515863 0.014952 0.019036
0 0.322069 0.534898 0.014952 0.019036
0 0.296352 0.595178 0.017344 0.020305
33 0.352572 0.271574 0.134569 0.281726
33 0.345096 0.163071 0.074163 0.026650
33 0.343600 0.189086 0.077153 0.025381
33 0.352572 0.498096 0.134569 0.166244
33 0.352871 0.606599 0.130383 0.048223
9 0.874402 0.364213 0.025120 0.530457
9 0.875299 0.357868 0.024522 0.454315
9 0.585526 0.646574 0.599282 0.026650
9 0.513457 0.643401 0.416866 0.025381
4 0.020335 0.826142 0.019139 0.027919
4 0.308014 0.724619 0.017943 0.025381
4 0.290969 0.773477 0.012560 0.029188
4 0.499402 0.723985 0.019139 0.029188
4 0.694079 0.723985 0.017344 0.034264