0 0.252990 0.746827 0.021531 0.021574
0 0.852572 0.866117 0.091507 0.036802
0 0.953947 0.868020 0.089713 0.032995
0 0.989234 0.171954 0.020335 0.024112
0 0.988337 0.820431 0.018541 0.031726
9 0.988038 0.498096 0.020335 0.676396
9 0.987440 0.330584 0.017943 0.295685
22 0.984151 0.107234 0.023325 0.031726
29 0.929127 0.112310 0.018541 0.036802
0 0.253589 0.172589 0.017943 0.027919
0 0.253289 0.215102 0.018541 0.021574
5 0.209031 0.303299 0.111842 0.210660
5 0.209629 0.175761 0.114234 0.046954
20 0.502990 0.493020 0.992823 0.813452
4 0.020036 0.787437 0.019737 0.031726
4 0.020036 0.822335 0.019737 0.038071
4 0.019737 0.565990 0.017943 0.027919