0 0.020036 0.069797 0.034091 0.032995
0 0.063397 0.066624 0.045455 0.024112
0 0.111842 0.066624 0.049043 0.021574
0 0.163577 0.065990 0.052033 0.025381
0 0.217703 0.067259 0.050239 0.022843
0 0.266148 0.066624 0.045455 0.029188
0 0.324462 0.065990 0.074761 0.025381
0 0.409091 0.067893 0.093301 0.029188
0 0.484749 0.069797 0.058014 0.022843
0 0.537081 0.065355 0.051435 0.034264
0 0.598086 0.065355 0.070574 0.024112
0 0.654007 0.064721 0.047249 0.027919
22 0.971591 0.022843 0.029306 0.040609
32 0.914175 0.026015 0.031699 0.039340
19 0.018242 0.203046 0.029306 0.035533
19 0.017943 0.236675 0.031100 0.031726
19 0.017644 0.270939 0.031699 0.034264
19 0.017943 0.308376 0.031100 0.040609
19 0.017045 0.348350 0.029306 0.039340
19 0.016148 0.385152 0.031100 0.034264
19 0.015849 0.424492 0.030502 0.044416
19 0.017344 0.464467 0.027512 0.035533
19 0.016447 0.497462 0.025718 0.030457
19 0.017045 0.527919 0.024522 0.030457
19 0.016447 0.561548 0.023325 0.036802
19 0.532895 0.109137 0.028708 0.040609
19 0.966806 0.112310 0.026914 0.039340
19 0.900120 0.109137 0.035885 0.040609
0 0.992225 0.112310 0.014354 0.031726
0 0.928230 0.109137 0.011962 0.030457
0 0.852572 0.106599 0.024522 0.025381
0 0.704844 0.110406 0.013756 0.025381
0 0.624402 0.108503 0.015550 0.024112
5 0.797249 0.109137 0.142344 0.048223
35 0.908194 0.107868 0.054426 0.050761
35 0.969797 0.109772 0.054426 0.052030
5 0.681220 0.112310 0.069378 0.031726
5 0.602871 0.112310 0.063397 0.034264
30 0.496112 0.109137 0.030502 0.048223
22 0.982955 0.554569 0.026914 0.043147
0 0.711722 0.977792 0.011962 0.031726
0 0.625299 0.976523 0.014952 0.026650
0 0.751495 0.975254 0.048445 0.029188
0 0.813995 0.978426 0.071770 0.025381
19 0.872907 0.975888 0.031699 0.043147
19 0.915969 0.973985 0.041268 0.029188
19 0.957835 0.972081 0.035287 0.045685
19 0.547249 0.972716 0.025120 0.031726
5 0.605263 0.973350 0.063397 0.043147
5 0.682117 0.970178 0.071172 0.041878
28 0.030502 0.106599 0.035885 0.040609
0 0.070275 0.109772 0.031699 0.049492
19 0.016746 0.967640 0.029904 0.039340
19 0.053529 0.970812 0.035287 0.055838
22 0.142045 0.107234 0.029306 0.052030
19 0.264653 0.107234 0.031699 0.039340
19 0.298744 0.108503 0.024522 0.054569
19 0.334629 0.112944 0.034091 0.050761
19 0.383373 0.106599 0.031100 0.040609
19 0.427333 0.109772 0.018541 0.036802
19 0.460825 0.113579 0.030502 0.046954
19 0.368421 0.239213 0.021531 0.029188
19 0.366926 0.279822 0.024522 0.034264
19 0.367524 0.314086 0.024522 0.019036
19 0.367225 0.353426 0.015550 0.029188
19 0.365431 0.384518 0.016746 0.025381
19 0.369617 0.420051 0.015550 0.030457
19 0.366328 0.468909 0.019737 0.029188
22 0.331938 0.157995 0.014354 0.026650
20 0.178230 0.566624 0.355263 0.859137
0 0.341208 0.570431 0.016148 0.024112
0 0.340909 0.609137 0.019139 0.030457
0 0.340311 0.930203 0.022727 0.027919
9 0.340610 0.767132 0.022129 0.346447
9 0.341208 0.654188 0.019737 0.046954
3 0.143242 0.567893 0.207536 0.036802
5 0.311005 0.571066 0.078947 0.038071
19 0.264055 0.687183 0.034091 0.046954
19 0.210526 0.699239 0.040670 0.043147
19 0.161782 0.697970 0.040072 0.040609
19 0.114533 0.696066 0.040072 0.034264
19 0.066687 0.701777 0.035287 0.032995
19 0.061304 0.768401 0.031699 0.036802
19 0.109749 0.768401 0.040072 0.044416
19 0.161483 0.765228 0.035885 0.038071
19 0.210526 0.772208 0.045455 0.039340
19 0.260766 0.773477 0.037081 0.039340
19 0.258672 0.833122 0.043660 0.034264
19 0.211124 0.828680 0.034689 0.038071
19 0.061005 0.630076 0.044258 0.046954
19 0.117823 0.627538 0.032297 0.049492
19 0.163577 0.640863 0.035287 0.030457
19 0.206938 0.632614 0.044258 0.031726
19 0.264653 0.630076 0.042464 0.036802
0 0.453349 0.602157 0.015550 0.024112
0 0.409988 0.628173 0.102273 0.025381
0 0.408792 0.651015 0.099880 0.020305
0 0.409689 0.675761 0.100478 0.026650
5 0.409988 0.640228 0.103469 0.107868
0 0.650718 0.602792 0.095694 0.032995
0 0.947368 0.603426 0.089713 0.034264
12 0.403110 0.559010 0.089713 0.024112
12 0.467703 0.559645 0.043062 0.020305
12 0.533493 0.567259 0.080144 0.020305
12 0.630981 0.553934 0.122010 0.031726
13 0.677033 0.616117 0.644737 0.163706
3 0.842703 0.604695 0.104067 0.029188