0 0.484749 0.069797 0.058014 0.022843
0 0.537081 0.065355 0.051435 0.034264
0 0.598086 0.065355 0.070574 0.024112
0 0.654007 0.064721 0.047249 0.027919
22 0.971591 0.022843 0.029306 0.040609
32 0.914175 0.026015 0.031699 0.039340
19 0.054426 0.973985 0.034689 0.034264
19 0.418959 0.107868 0.030502 0.040609
19 0.458134 0.109772 0.035885 0.046954
19 0.532895 0.109137 0.028708 0.040609
19 0.966806 0.112310 0.026914 0.039340
19 0.900120 0.109137 0.035885 0.040609
0 0.992225 0.112310 0.014354 0.031726
0 0.928230 0.109137 0.011962 0.030457
0 0.852572 0.106599 0.024522 0.025381
0 0.704844 0.110406 0.013756 0.025381
0 0.624402 0.108503 0.015550 0.024112
5 0.797249 0.109137 0.142344 0.048223
35 0.908194 0.107868 0.054426 0.050761
35 0.969797 0.109772 0.054426 0.052030
5 0.681220 0.112310 0.069378 0.031726
5 0.602871 0.112310 0.063397 0.034264
30 0.496112 0.109137 0.030502 0.048223
12 0.468600 0.558376 0.053230 0.027919
12 0.531998 0.557107 0.078349 0.032995
12 0.631878 0.560279 0.121411 0.036802
22 0.982955 0.554569 0.026914 0.043147
0 0.711722 0.977792 0.011962 0.031726
0 0.625299 0.976523 0.014952 0.026650
0 0.751495 0.975254 0.048445 0.029188
0 0.813995 0.978426 0.071770 0.025381
19 0.872907 0.975888 0.031699 0.043147
19 0.915969 0.973985 0.041268 0.029188
19 0.957835 0.972081 0.035287 0.045685
19 0.547249 0.972716 0.025120 0.031726
20 0.214713 0.268401 0.416268 0.529188
22 0.402811 0.027919 0.020933 0.035533
19 0.043959 0.416878 0.047249 0.077411
19 0.095395 0.414340 0.043660 0.077411
19 0.146830 0.415609 0.041268 0.085025
19 0.207835 0.419416 0.078349 0.092640
19 0.275718 0.420051 0.046651 0.073604
0 0.291567 0.498731 0.074761 0.025381
0 0.375598 0.501269 0.072967 0.022843
3 0.215311 0.104695 0.387560 0.079949
12 0.396830 0.562183 0.089115 0.030457
13 0.672847 0.560914 0.644737 0.053299