22 0.868720 0.026650 0.023325 0.025381
29 0.811304 0.024112 0.014952 0.030457
20 0.449163 0.439086 0.894737 0.865482
0 0.737141 0.826777 0.087919 0.031726
0 0.838218 0.829315 0.091507 0.034264
19 0.074761 0.095812 0.114833 0.057107
19 0.073864 0.157995 0.116627 0.067259
19 0.073266 0.222716 0.115431 0.062183
19 0.072967 0.284898 0.116029 0.064721
19 0.070873 0.345178 0.111842 0.055838
19 0.100179 0.403553 0.168062 0.063452
19 0.078050 0.463832 0.121411 0.057107
19 0.107057 0.520305 0.179426 0.060914
19 0.107356 0.579949 0.178828 0.058376
19 0.105861 0.638959 0.175837 0.059645
19 0.105861 0.703680 0.175837 0.069797
3 0.136364 0.775381 0.248804 0.032995
0 0.860646 0.120558 0.019139 0.030457
0 0.862141 0.726523 0.018541 0.024112
0 0.851675 0.759518 0.038278 0.024112
0 0.307416 0.758249 0.016746 0.021574
9 0.862440 0.423858 0.025120 0.642132
9 0.586124 0.762056 0.577751 0.034264
9 0.862141 0.187183 0.017344 0.095178
9 0.495813 0.761421 0.355263 0.027919
4 0.478768 0.200508 0.029306 0.030457
4 0.479964 0.230964 0.026914 0.030457
4 0.478170 0.266497 0.023325 0.038071
4 0.477871 0.302665 0.025120 0.031726
4 0.476974 0.335660 0.023325 0.034264
4 0.479067 0.374365 0.023923 0.035533
4 0.476974 0.406726 0.019737 0.029188
4 0.478170 0.441624 0.018541 0.040609
4 0.478170 0.477792 0.019737 0.029188
4 0.477572 0.513325 0.020933 0.041878
4 0.478469 0.548223 0.022727 0.027919
4 0.478768 0.579315 0.022129 0.034264
4 0.476675 0.614213 0.017943 0.035533
4 0.476376 0.653553 0.018541 0.043147
4 0.477572 0.690355 0.020933 0.030457
4 0.476675 0.721447 0.022727 0.031726