0 0.020036 0.069797 0.034091 0.032995
0 0.063397 0.066624 0.045455 0.024112
0 0.111842 0.066624 0.049043 0.021574
0 0.163577 0.065990 0.052033 0.025381
0 0.217703 0.067259 0.050239 0.022843
0 0.266148 0.066624 0.045455 0.029188
0 0.324462 0.065990 0.074761 0.025381
0 0.409091 0.067893 0.093301 0.029188
0 0.484749 0.069797 0.058014 0.022843
0 0.537081 0.065355 0.051435 0.034264
0 0.598086 0.065355 0.070574 0.024112
0 0.654007 0.064721 0.047249 0.027919
22 0.971591 0.022843 0.029306 0.040609
32 0.914175 0.026015 0.031699 0.039340
19 0.018242 0.203046 0.029306 0.035533
19 0.017943 0.236675 0.031100 0.031726
19 0.017644 0.270939 0.031699 0.034264
19 0.017943 0.308376 0.031100 0.040609
19 0.017045 0.348350 0.029306 0.039340
19 0.016148 0.385152 0.031100 0.034264
19 0.015849 0.424492 0.030502 0.044416
19 0.017344 0.464467 0.027512 0.035533
19 0.016447 0.497462 0.025718 0.030457
19 0.017045 0.527919 0.024522 0.030457
19 0.016447 0.561548 0.023325 0.036802
19 0.966806 0.112310 0.026914 0.039340
19 0.900120 0.109137 0.035885 0.040609
0 0.992225 0.112310 0.014354 0.031726
0 0.928230 0.109137 0.011962 0.030457
0 0.852572 0.106599 0.024522 0.025381
0 0.704844 0.110406 0.013756 0.025381
0 0.624402 0.108503 0.015550 0.024112
5 0.797249 0.109137 0.142344 0.048223
35 0.908194 0.107868 0.054426 0.050761
35 0.969797 0.109772 0.054426 0.052030
5 0.681220 0.112310 0.069378 0.031726
22 0.982955 0.554569 0.026914 0.043147
28 0.030502 0.106599 0.035885 0.040609
0 0.070275 0.109772 0.031699 0.049492
19 0.016746 0.967640 0.029904 0.039340
19 0.053529 0.970812 0.035287 0.055838
19 0.872907 0.971447 0.031699 0.036802
19 0.957835 0.972081 0.036483 0.040609
22 0.140550 0.110406 0.033493 0.048223
7 0.416866 0.383883 0.350478 0.663706
0 0.418361 0.103426 0.340311 0.039340
0 0.417165 0.137690 0.342703 0.029188
0 0.412679 0.171954 0.333732 0.039340
0 0.416567 0.211929 0.325957 0.040609
0 0.415072 0.250000 0.322967 0.035533
0 0.414773 0.286168 0.323565 0.036802
0 0.414474 0.323604 0.322967 0.038071
0 0.409091 0.359137 0.333732 0.032995
0 0.407297 0.395939 0.330144 0.040609
0 0.407297 0.436548 0.330144 0.040609
0 0.407297 0.471447 0.330144 0.029188
0 0.418361 0.506980 0.308014 0.041878
0 0.420156 0.550761 0.311603 0.045685
0 0.423146 0.589467 0.305622 0.031726
0 0.424342 0.621193 0.308014 0.031726
0 0.413577 0.654188 0.329545 0.034264
0 0.413577 0.688452 0.329545 0.034264
0 0.640550 0.194162 0.107656 0.032995
0 0.639952 0.227792 0.108852 0.034264
0 0.639055 0.265228 0.107057 0.040609
0 0.639653 0.305203 0.107057 0.041878
0 0.638158 0.343274 0.104067 0.034264
0 0.638756 0.375635 0.102871 0.030457
0 0.637560 0.411802 0.101675 0.039340
0 0.637859 0.450508 0.102273 0.040609
0 0.638158 0.491117 0.102871 0.040609
0 0.638457 0.527919 0.102273 0.030457
0 0.638158 0.558376 0.101675 0.030457
0 0.638756 0.594543 0.100478 0.041878
0 0.639653 0.633883 0.102273 0.036802
0 0.639952 0.670051 0.101675 0.035533
0 0.637560 0.707487 0.096890 0.039340
0 0.636962 0.743655 0.098086 0.032995
0 0.636065 0.779188 0.095096 0.038071
0 0.635167 0.814721 0.096890 0.032995
0 0.635167 0.848985 0.096890 0.035533
0 0.636065 0.886421 0.095096 0.039340
0 0.635766 0.925761 0.094498 0.039340
0 0.635766 0.964467 0.095694 0.038071
8 0.629486 0.576777 0.132177 0.818528