0 0.252990 0.746827 0.021531 0.021574
0 0.852572 0.866117 0.091507 0.036802
0 0.953947 0.868020 0.089713 0.032995
0 0.989234 0.171954 0.020335 0.024112
0 0.988337 0.820431 0.018541 0.031726
9 0.988038 0.498096 0.020335 0.676396
9 0.987440 0.330584 0.017943 0.295685
22 0.984151 0.107234 0.023325 0.031726
29 0.929127 0.112310 0.018541 0.036802
5 0.208732 0.369924 0.111244 0.255076
5 0.208134 0.173223 0.114833 0.034264
5 0.207835 0.220178 0.110646 0.034264
0 0.254785 0.169416 0.021531 0.029188
0 0.253289 0.213832 0.016148 0.021574
0 0.254486 0.258883 0.020933 0.025381
0 0.253888 0.287437 0.024522 0.026650
0 0.253589 0.479061 0.019139 0.019036
9 0.253289 0.383249 0.022129 0.220812
9 0.253589 0.343274 0.020335 0.087563
20 0.499402 0.493020 0.991627 0.815990
4 0.019438 0.565990 0.017344 0.027919