22 0.868720 0.026650 0.023325 0.025381
29 0.811304 0.024112 0.014952 0.030457
20 0.449163 0.439086 0.894737 0.865482
0 0.737141 0.826777 0.087919 0.031726
0 0.838218 0.829315 0.091507 0.034264
19 0.074761 0.095812 0.114833 0.057107
19 0.073864 0.157995 0.116627 0.067259
19 0.073266 0.222716 0.115431 0.062183
19 0.072967 0.284898 0.116029 0.064721
19 0.070873 0.345178 0.111842 0.055838
19 0.100179 0.403553 0.168062 0.063452
19 0.078050 0.463832 0.121411 0.057107
19 0.107057 0.520305 0.179426 0.060914
19 0.107356 0.579949 0.178828 0.058376
19 0.105861 0.638959 0.175837 0.059645
19 0.105861 0.703680 0.175837 0.069797
3 0.136364 0.775381 0.248804 0.032995
0 0.628888 0.118020 0.018541 0.027919
0 0.861244 0.447970 0.021531 0.032995
5 0.526914 0.230330 0.226077 0.255076
5 0.643541 0.447335 0.459330 0.039340
5 0.469797 0.490482 0.108254 0.036802
0 0.628888 0.153553 0.018541 0.027919
0 0.627392 0.335025 0.017943 0.032995
0 0.514354 0.493020 0.016746 0.026650
9 0.628289 0.246193 0.017344 0.210660
9 0.627093 0.214467 0.014952 0.032995
0 0.489234 0.148477 0.145933 0.027919
0 0.489533 0.175761 0.145335 0.026650
0 0.491627 0.197335 0.142344 0.016497
0 0.490730 0.215736 0.144139 0.020305
0 0.482955 0.234772 0.128589 0.017766
4 0.304127 0.546954 0.019737 0.030457
4 0.434510 0.550761 0.020933 0.035533
4 0.509569 0.546320 0.014354 0.019036
4 0.584629 0.549492 0.014952 0.027919
4 0.656400 0.550761 0.020933 0.027919
4 0.729665 0.549492 0.019139 0.027919
4 0.801435 0.548223 0.020335 0.025381
4 0.657596 0.408629 0.017344 0.025381
4 0.656400 0.368020 0.019737 0.022843
4 0.656400 0.326142 0.017344 0.020305
4 0.657297 0.246193 0.016746 0.027919
4 0.655801 0.116751 0.019737 0.025381
6 0.860048 0.164340 0.019139 0.034264
0 0.861543 0.157995 0.013756 0.013959
0 0.860646 0.172589 0.015550 0.015228