20 0.487440 0.576777 0.948565 0.486041
20 0.488038 0.551396 0.437799 0.298223
22 0.946172 0.354061 0.014354 0.025381
22 0.675239 0.426396 0.028708 0.027919
0 0.883074 0.404188 0.113038 0.039340
0 0.631280 0.649112 0.089115 0.031726
0 0.515251 0.649746 0.113038 0.035533
0 0.375897 0.651015 0.151316 0.030457
0 0.668361 0.524746 0.017344 0.026650
5 0.584928 0.524112 0.188995 0.040609
19 0.190490 0.401650 0.037679 0.039340
19 0.233254 0.404188 0.039474 0.041878
19 0.129785 0.400381 0.039474 0.041878
19 0.086722 0.399112 0.038278 0.046954
28 0.040670 0.402284 0.029904 0.055838
29 0.620813 0.423858 0.019139 0.030457
32 0.912978 0.026650 0.020933 0.043147
22 0.971591 0.024746 0.023325 0.029188
19 0.884569 0.203680 0.057416 0.072335
19 0.119617 0.190355 0.059809 0.068528
19 0.048445 0.203046 0.053828 0.065990
19 0.048744 0.935914 0.061603 0.072335
19 0.117524 0.930838 0.060407 0.074873
19 0.953349 0.934645 0.062201 0.069797
19 0.029306 0.111675 0.041866 0.038071
19 0.208433 0.110406 0.041268 0.040609
23 0.069976 0.106599 0.032297 0.045685
23 0.108254 0.106599 0.028708 0.048223
0 0.022727 0.068528 0.027512 0.020305
0 0.067285 0.067893 0.037679 0.016497
0 0.120514 0.064086 0.044856 0.024112
0 0.182117 0.068528 0.062799 0.027919
0 0.246112 0.065990 0.044856 0.017766
3 0.347189 0.565990 0.031699 0.032995
0 0.370813 0.571066 0.011962 0.015228
0 0.372010 0.559010 0.010766 0.016497
6 0.372907 0.567893 0.022129 0.031726
6 0.581041 0.565990 0.020933 0.035533
6 0.670156 0.565990 0.016148 0.027919
6 0.668062 0.606599 0.020335 0.032995
6 0.473983 0.606599 0.020933 0.032995
3 0.429127 0.604061 0.069976 0.030457
3 0.552033 0.564086 0.038278 0.026650
3 0.640251 0.565355 0.038876 0.026650
3 0.624701 0.606599 0.066388 0.035533
0 0.668959 0.558376 0.013756 0.012690
0 0.668660 0.571701 0.014354 0.013959
0 0.580443 0.558376 0.018541 0.012690
0 0.579844 0.571701 0.019737 0.013959
0 0.666567 0.597716 0.016148 0.010152
0 0.665969 0.609772 0.017344 0.013959
0 0.471890 0.598985 0.020335 0.012690
0 0.472787 0.613579 0.018541 0.013959