22 0.336423 0.023477 0.017344 0.029188
0 0.326854 0.066624 0.014952 0.026650
0 0.326555 0.531091 0.021531 0.021574
0 0.288577 0.590736 0.090311 0.041878
0 0.061304 0.588832 0.092703 0.032995
20 0.177033 0.310914 0.351675 0.614213
9 0.327153 0.305203 0.016746 0.493655
9 0.325658 0.139594 0.016148 0.086294
0 0.220395 0.272843 0.146531 0.035533
0 0.221292 0.321066 0.147129 0.035533
0 0.218301 0.366751 0.145933 0.035533
15 0.188098 0.182741 0.098684 0.038071
15 0.188098 0.227157 0.098684 0.040609
22 0.969797 0.023477 0.023325 0.036802
22 0.985347 0.152919 0.012560 0.021574
20 0.840610 0.448604 0.315191 0.620558
20 0.499701 0.876904 0.997010 0.236041
22 0.986842 0.778553 0.015550 0.021574
0 0.974880 0.824239 0.017943 0.029188
0 0.973983 0.964467 0.020933 0.035533
32 0.910885 0.020939 0.028708 0.034264
9 0.976077 0.896574 0.021531 0.168782
9 0.974880 0.918782 0.015550 0.022843
0 0.287679 0.174492 0.015550 0.019036
0 0.289474 0.190355 0.011962 0.012690
0 0.287081 0.218909 0.014354 0.011421
0 0.287978 0.232868 0.012560 0.016497
6 0.286782 0.178934 0.019737 0.040609
6 0.286782 0.229695 0.018541 0.032995
3 0.257775 0.178299 0.037081 0.026650
3 0.258074 0.229061 0.034091 0.026650
4 0.153708 0.143401 0.020335 0.032995
4 0.154306 0.481599 0.017943 0.031726