22 0.336423 0.023477 0.017344 0.029188
0 0.326854 0.066624 0.014952 0.026650
0 0.326555 0.531091 0.021531 0.021574
0 0.288577 0.590736 0.090311 0.041878
0 0.061304 0.588832 0.092703 0.032995
20 0.177033 0.310914 0.351675 0.614213
15 0.179127 0.097716 0.102273 0.043147
15 0.178529 0.234772 0.097488 0.050761
3 0.217105 0.144670 0.161483 0.030457
3 0.217404 0.191624 0.162081 0.032995
0 0.287679 0.472716 0.021531 0.026650
5 0.216208 0.476523 0.159689 0.031726
22 0.969797 0.023477 0.023325 0.036802
22 0.985347 0.152919 0.012560 0.021574
20 0.840610 0.448604 0.315191 0.620558
20 0.499701 0.876904 0.997010 0.236041
22 0.986842 0.778553 0.015550 0.021574
0 0.974880 0.824239 0.017943 0.029188
0 0.973983 0.964467 0.020933 0.035533
32 0.910885 0.020939 0.028708 0.034264
9 0.976077 0.896574 0.021531 0.168782
9 0.974880 0.918782 0.015550 0.022843
4 0.141746 0.303934 0.016746 0.029188
4 0.141746 0.374365 0.019139 0.025381
4 0.144139 0.510152 0.016746 0.022843
0 0.288876 0.092005 0.015550 0.013959
0 0.288278 0.105964 0.016746 0.013959
0 0.288577 0.233503 0.016148 0.015228
0 0.289175 0.246193 0.014952 0.010152
6 0.287380 0.099619 0.019737 0.036802
6 0.288876 0.239213 0.017943 0.029188
3 0.255383 0.098350 0.044258 0.026650
3 0.256878 0.238579 0.043660 0.025381