0 0.024821 0.063452 0.031699 0.032995
0 0.066089 0.068528 0.034091 0.022843
0 0.120514 0.065355 0.042464 0.021574
0 0.181519 0.070431 0.067584 0.019036
0 0.245813 0.065355 0.040670 0.021574
20 0.500000 0.874365 0.996411 0.225888
20 0.838816 0.440355 0.310407 0.598985
32 0.912380 0.022843 0.032895 0.038071
0 0.975179 0.817259 0.019737 0.030457
0 0.974581 0.961294 0.022129 0.026650
9 0.974581 0.888325 0.019737 0.172589
9 0.973684 0.922589 0.014354 0.025381
0 0.974282 0.212563 0.019139 0.021574
7 0.140251 0.179569 0.278110 0.189086
0 0.136364 0.104695 0.263158 0.026650
0 0.136065 0.142132 0.263756 0.048223
0 0.130682 0.183376 0.252990 0.034264
0 0.131878 0.218274 0.250598 0.035533
0 0.134868 0.252538 0.256579 0.032995
22 0.966208 0.025381 0.020933 0.032995
19 0.344797 0.194797 0.059211 0.069797
19 0.409390 0.191624 0.055622 0.076142
19 0.431519 0.107234 0.037679 0.034264
19 0.561005 0.196066 0.057416 0.072335
19 0.628289 0.201777 0.055622 0.083756
19 0.630084 0.687817 0.065191 0.073604
19 0.345993 0.681472 0.062799 0.086294
19 0.411782 0.686548 0.058014 0.086294
19 0.345096 0.449873 0.052632 0.069797
22 0.985945 0.772208 0.014952 0.019036
22 0.983553 0.155457 0.012560 0.021574
5 0.893541 0.210660 0.180622 0.032995