22 0.336423 0.023477 0.017344 0.029188
0 0.326854 0.066624 0.014952 0.026650
0 0.326555 0.531091 0.021531 0.021574
0 0.288577 0.590736 0.090311 0.041878
0 0.061304 0.588832 0.092703 0.032995
20 0.177033 0.310914 0.351675 0.614213
9 0.325957 0.296954 0.025120 0.489848
9 0.327153 0.254442 0.019139 0.095178
15 0.190789 0.232234 0.096890 0.040609
0 0.220395 0.357868 0.148923 0.043147
0 0.285586 0.436548 0.020933 0.022843
0 0.221890 0.522208 0.148325 0.034264
5 0.218900 0.441624 0.145933 0.043147
22 0.969797 0.023477 0.023325 0.036802
22 0.985347 0.152919 0.012560 0.021574
20 0.840610 0.448604 0.315191 0.620558
20 0.499701 0.876904 0.997010 0.236041
22 0.986842 0.778553 0.015550 0.021574
0 0.974880 0.824239 0.017943 0.029188
0 0.973983 0.964467 0.020933 0.035533
32 0.910885 0.020939 0.028708 0.034264
9 0.976077 0.896574 0.021531 0.168782
9 0.974880 0.918782 0.015550 0.022843
3 0.258074 0.229061 0.038876 0.026650
0 0.287380 0.223350 0.014952 0.017766
0 0.288876 0.237944 0.011962 0.011421
6 0.284988 0.229061 0.017344 0.039340
4 0.154306 0.480330 0.015550 0.019036