19 0.627990 0.683376 0.055024 0.072335
19 0.414773 0.686548 0.055622 0.081218
19 0.345694 0.687183 0.055024 0.077411
19 0.345694 0.449873 0.056220 0.069797
19 0.343600 0.197335 0.059211 0.074873
19 0.414773 0.197970 0.056818 0.076142
19 0.562500 0.196701 0.058014 0.076142
19 0.629486 0.195431 0.053230 0.076142
19 0.428529 0.108503 0.035287 0.041878
19 0.386663 0.108503 0.042464 0.049492
19 0.292763 0.109772 0.026914 0.039340
19 0.248505 0.111041 0.037679 0.044416
19 0.205742 0.108503 0.043062 0.046954
23 0.067584 0.111675 0.034689 0.043147
23 0.110646 0.112310 0.032297 0.046954
19 0.026914 0.111675 0.035885 0.032995
0 0.339115 0.112944 0.031100 0.030457
0 0.162978 0.112944 0.034091 0.020305
0 0.024821 0.063452 0.031699 0.032995
0 0.066089 0.068528 0.034091 0.022843
0 0.120514 0.065355 0.042464 0.021574
0 0.181519 0.070431 0.067584 0.019036
0 0.245813 0.065355 0.040670 0.021574
22 0.277811 0.154822 0.020933 0.032995
22 0.982656 0.152919 0.013158 0.026650
22 0.970993 0.024746 0.017344 0.029188
20 0.500000 0.874365 0.996411 0.225888
20 0.147727 0.437817 0.289474 0.609137
20 0.838816 0.440355 0.310407 0.598985
32 0.912380 0.022843 0.032895 0.038071
22 0.985646 0.778553 0.016746 0.021574
0 0.975179 0.817259 0.019737 0.030457
0 0.974581 0.961294 0.022129 0.026650
9 0.974581 0.888325 0.019737 0.172589
9 0.973684 0.922589 0.014354 0.025381
0 0.974282 0.212563 0.019139 0.021574
5 0.893242 0.214467 0.184809 0.040609
31 0.262261 0.204949 0.026914 0.039340
3 0.125000 0.207487 0.224880 0.036802
0 0.026615 0.284264 0.011364 0.030457
0 0.027811 0.317893 0.014952 0.026650
0 0.026017 0.345178 0.011364 0.027919
0 0.023923 0.373731 0.015550 0.029188
0 0.024821 0.402284 0.017344 0.020305
0 0.025419 0.427665 0.016148 0.030457
0 0.025419 0.459391 0.017344 0.030457
0 0.026017 0.489213 0.017344 0.024112
0 0.026017 0.517766 0.014952 0.025381
0 0.026615 0.544416 0.013756 0.027919
0 0.025120 0.570431 0.013158 0.024112
0 0.025120 0.597081 0.013158 0.029188
0 0.024522 0.625635 0.011962 0.027919
33 0.051435 0.285533 0.066986 0.035533
33 0.051734 0.320431 0.066388 0.034264
33 0.120514 0.352792 0.201555 0.027919
33 0.117823 0.380076 0.208134 0.026650
33 0.117524 0.408629 0.207536 0.030457
33 0.118421 0.434010 0.205742 0.020305
33 0.113337 0.459391 0.195574 0.030457
33 0.114234 0.487310 0.193780 0.025381
33 0.105861 0.516497 0.177033 0.030457
33 0.104665 0.545685 0.179426 0.027919
33 0.106459 0.574239 0.183014 0.029188
33 0.106160 0.600254 0.183612 0.022843
33 0.113935 0.631980 0.199163 0.040609