20 0.514354 0.572335 0.944976 0.456853
28 0.068481 0.402284 0.037679 0.050761
19 0.112739 0.400381 0.036483 0.041878
19 0.157297 0.397208 0.038278 0.045685
19 0.212620 0.401015 0.037679 0.040609
19 0.259868 0.401015 0.031699 0.043147
19 0.302931 0.399112 0.042464 0.039340
19 0.352572 0.405457 0.029306 0.044416
19 0.399821 0.396574 0.028110 0.044416
19 0.444677 0.397843 0.028110 0.041878
19 0.487739 0.400381 0.037679 0.041878
35 0.546053 0.402284 0.038278 0.048223
0 0.649522 0.402284 0.149522 0.035533
0 0.786782 0.402919 0.113038 0.041878
0 0.912978 0.407995 0.114234 0.034264
22 0.968900 0.356599 0.017943 0.020305
0 0.966806 0.595812 0.019737 0.026650
0 0.969498 0.630711 0.017943 0.030457
0 0.970993 0.777919 0.017344 0.017766
9 0.969498 0.704315 0.014354 0.170051
9 0.972189 0.699239 0.012560 0.091371
9 0.608254 0.602157 0.742823 0.036802
9 0.605861 0.598350 0.687799 0.021574
0 0.249103 0.602792 0.016148 0.022843
15 0.609151 0.505076 0.745813 0.144670
0 0.020933 0.068528 0.027512 0.027919
0 0.064892 0.071701 0.037679 0.024112
0 0.120514 0.070431 0.038876 0.019036
0 0.185407 0.071066 0.058612 0.027919
0 0.244617 0.065355 0.041866 0.026650
23 0.070275 0.107868 0.029306 0.035533
23 0.110646 0.113579 0.032297 0.041878
22 0.968301 0.024746 0.027512 0.031726
32 0.912679 0.021574 0.027512 0.035533
19 0.880084 0.198604 0.058014 0.072335
19 0.116328 0.201777 0.058014 0.078680
19 0.028110 0.111041 0.032297 0.034264
19 0.206041 0.111041 0.030502 0.031726
19 0.247608 0.110406 0.029904 0.035533
19 0.291866 0.111041 0.035885 0.039340
19 0.385167 0.109137 0.039474 0.043147
19 0.428828 0.107234 0.034689 0.039340
19 0.049043 0.935914 0.061005 0.079949