20 0.497608 0.493020 0.976077 0.973350
0 0.715610 0.116751 0.024522 0.038071
0 0.911782 0.926396 0.110646 0.045685
0 0.833134 0.932107 0.021531 0.036802
3 0.489234 0.868655 0.710526 0.041878
5 0.489234 0.932107 0.706938 0.044416
5 0.432416 0.223985 0.595694 0.262690
19 0.955144 0.118655 0.029904 0.044416
19 0.914773 0.121827 0.028110 0.040609
19 0.835526 0.118655 0.026316 0.041878
28 0.874103 0.119924 0.029306 0.041878
22 0.953947 0.031091 0.020335 0.041878
29 0.883672 0.031091 0.029306 0.031726