20 0.514354 0.572335 0.944976 0.456853
28 0.068481 0.402284 0.037679 0.050761
19 0.112739 0.400381 0.036483 0.041878
19 0.157297 0.397208 0.038278 0.045685
19 0.212620 0.401015 0.037679 0.040609
19 0.259868 0.401015 0.031699 0.043147
19 0.302931 0.399112 0.042464 0.039340
19 0.352572 0.405457 0.029306 0.044416
19 0.399821 0.396574 0.028110 0.044416
19 0.444677 0.397843 0.028110 0.041878
19 0.487739 0.400381 0.037679 0.041878
35 0.546053 0.402284 0.038278 0.048223
0 0.649522 0.402284 0.149522 0.035533
0 0.786782 0.402919 0.113038 0.041878
0 0.912978 0.407995 0.114234 0.034264
22 0.968900 0.356599 0.017943 0.020305
0 0.966806 0.595812 0.019737 0.026650
0 0.969498 0.630711 0.017943 0.030457
0 0.970993 0.777919 0.017344 0.017766
9 0.969498 0.704315 0.014354 0.170051
9 0.972189 0.699239 0.012560 0.091371
20 0.512560 0.543147 0.251196 0.248731
0 0.569079 0.634518 0.102273 0.038071
0 0.456639 0.633883 0.104665 0.039340
22 0.611244 0.442893 0.020335 0.032995
29 0.556818 0.440355 0.021531 0.025381
23 0.065191 0.109772 0.033493 0.031726
23 0.109450 0.111041 0.041866 0.052030
0 0.017045 0.067893 0.022129 0.026650
0 0.064593 0.067893 0.044258 0.026650
0 0.121711 0.067259 0.046053 0.022843
0 0.186902 0.073604 0.058014 0.035533
0 0.252093 0.071066 0.042464 0.022843
22 0.967105 0.028553 0.022727 0.031726
32 0.911184 0.024746 0.030502 0.026650
19 0.206639 0.112944 0.035287 0.035533
19 0.246711 0.104695 0.020933 0.039340
19 0.288278 0.110406 0.032297 0.038071
19 0.392045 0.108503 0.041268 0.039340
19 0.428529 0.104695 0.034091 0.036802
19 0.049043 0.192259 0.058612 0.072335
19 0.118421 0.197335 0.058612 0.079949
19 0.049641 0.931472 0.063397 0.076142
19 0.117823 0.932741 0.059809 0.078680
19 0.881579 0.196701 0.059809 0.078680
19 0.950658 0.197335 0.059211 0.085025
19 0.950957 0.934645 0.059809 0.085025
4 0.531400 0.592005 0.014952 0.031726
0 0.601974 0.533629 0.018541 0.013959
0 0.602572 0.546320 0.017344 0.011421
6 0.600478 0.543147 0.020335 0.038071
3 0.501794 0.539975 0.173445 0.029188