20 0.503589 0.535533 0.514354 0.558376
22 0.743421 0.281091 0.016746 0.021574
22 0.974581 0.024112 0.023325 0.040609
32 0.912679 0.026015 0.026316 0.029188
19 0.954545 0.195431 0.056220 0.078680
19 0.883971 0.196701 0.053828 0.078680
19 0.045754 0.202411 0.058014 0.082487
19 0.117225 0.195431 0.063397 0.065990
19 0.049342 0.583122 0.056818 0.072335
19 0.048744 0.939721 0.058014 0.072335
19 0.117225 0.940990 0.062201 0.072335
19 0.956340 0.939086 0.061005 0.081218
19 0.027213 0.112310 0.040072 0.049492
19 0.206639 0.108503 0.042464 0.026650
19 0.247608 0.114213 0.026316 0.030457
19 0.290072 0.112310 0.032297 0.026650
19 0.383971 0.106599 0.037081 0.045685
19 0.428828 0.108503 0.032297 0.041878
23 0.067883 0.109772 0.026914 0.044416
23 0.107955 0.110406 0.028110 0.048223