0 0.302333 0.192893 0.016148 0.022843
0 0.305024 0.279822 0.017943 0.021574
5 0.229366 0.197970 0.166866 0.038071
5 0.231758 0.277919 0.166866 0.032995
15 0.200060 0.151650 0.109450 0.041878
15 0.181220 0.318528 0.096890 0.035533
0 0.289175 0.589467 0.090311 0.034264
0 0.061005 0.587563 0.087321 0.035533
22 0.336124 0.020305 0.016746 0.030457
20 0.176734 0.311548 0.351077 0.623096
22 0.969797 0.023477 0.023325 0.036802
22 0.985347 0.152919 0.012560 0.021574
20 0.840610 0.448604 0.315191 0.620558
20 0.499701 0.876904 0.997010 0.236041
22 0.986842 0.778553 0.015550 0.021574
0 0.974880 0.824239 0.017943 0.029188
0 0.973983 0.964467 0.020933 0.035533
32 0.910885 0.020939 0.028708 0.034264
9 0.976077 0.896574 0.021531 0.168782
9 0.974880 0.918782 0.015550 0.022843
3 0.279306 0.151650 0.031100 0.029188
3 0.265550 0.315990 0.059809 0.025381
0 0.303230 0.145305 0.015550 0.011421
0 0.305024 0.156091 0.011962 0.010152
0 0.304725 0.311548 0.017344 0.011421
0 0.305024 0.324873 0.016746 0.015228
6 0.303828 0.150381 0.020335 0.029188
6 0.303828 0.319162 0.020335 0.031726
4 0.154904 0.354061 0.022727 0.027919
4 0.155203 0.381345 0.022129 0.026650
4 0.154605 0.411802 0.020933 0.034264