0 0.024821 0.063452 0.031699 0.032995
0 0.066089 0.068528 0.034091 0.022843
0 0.120514 0.065355 0.042464 0.021574
0 0.181519 0.070431 0.067584 0.019036
0 0.245813 0.065355 0.040670 0.021574
20 0.500000 0.874365 0.996411 0.225888
20 0.838816 0.440355 0.310407 0.598985
32 0.912380 0.022843 0.032895 0.038071
0 0.975179 0.817259 0.019737 0.030457
0 0.974581 0.961294 0.022129 0.026650
9 0.974581 0.888325 0.019737 0.172589
9 0.973684 0.922589 0.014354 0.025381
0 0.974282 0.212563 0.019139 0.021574
7 0.164175 0.128173 0.244617 0.154822
0 0.124402 0.106599 0.149522 0.030457
0 0.124103 0.139594 0.150120 0.035533
0 0.119318 0.173858 0.140550 0.032995
0 0.393541 0.105964 0.218900 0.034264
0 0.395335 0.142766 0.215311 0.039340
0 0.389653 0.176396 0.203947 0.027919
0 0.390251 0.212563 0.202751 0.044416
0 0.387560 0.253173 0.197368 0.036802
0 0.387261 0.289340 0.197967 0.035533
0 0.375000 0.325508 0.173445 0.036802
0 0.375897 0.359137 0.171651 0.030457
0 0.376495 0.395305 0.172847 0.041878
0 0.377093 0.436548 0.171651 0.040609
0 0.375598 0.474619 0.169856 0.035533
0 0.375598 0.511421 0.171053 0.040609
0 0.375598 0.549492 0.171053 0.035533
0 0.377691 0.582487 0.175239 0.030457
0 0.377990 0.618655 0.174641 0.041878
0 0.368122 0.654822 0.154904 0.030457
8 0.390550 0.381345 0.257177 0.595178
22 0.968600 0.022843 0.030502 0.030457
5 0.893541 0.217640 0.181818 0.036802