22 0.620215 0.401650 0.022727 0.026650
20 0.497907 0.500635 0.268541 0.252538
0 0.607955 0.460660 0.018541 0.025381
0 0.608254 0.491117 0.017943 0.035533
0 0.607057 0.676396 0.014354 0.022843
9 0.607955 0.583122 0.020933 0.206853
9 0.609749 0.574873 0.018541 0.126904
5 0.534988 0.571066 0.163278 0.248731
19 0.629486 0.195431 0.053230 0.076142
19 0.428529 0.108503 0.035287 0.041878
19 0.386663 0.108503 0.042464 0.049492
19 0.292763 0.109772 0.026914 0.039340
19 0.248505 0.111041 0.037679 0.044416
19 0.205742 0.108503 0.043062 0.046954
23 0.067584 0.111675 0.034689 0.043147
23 0.110646 0.112310 0.032297 0.046954
19 0.026914 0.111675 0.035885 0.032995
0 0.339115 0.112944 0.031100 0.030457
0 0.162978 0.112944 0.034091 0.020305
0 0.024821 0.063452 0.031699 0.032995
0 0.066089 0.068528 0.034091 0.022843
0 0.120514 0.065355 0.042464 0.021574
0 0.181519 0.070431 0.067584 0.019036
0 0.245813 0.065355 0.040670 0.021574
22 0.277811 0.154822 0.020933 0.032995
22 0.982656 0.152919 0.013158 0.026650
22 0.970993 0.024746 0.017344 0.029188
20 0.500000 0.874365 0.996411 0.225888
20 0.147727 0.437817 0.289474 0.609137
20 0.838816 0.440355 0.310407 0.598985
32 0.912380 0.022843 0.032895 0.038071
22 0.985646 0.778553 0.016746 0.021574
0 0.975179 0.817259 0.019737 0.030457
0 0.974581 0.961294 0.022129 0.026650
9 0.974581 0.888325 0.019737 0.172589
9 0.973684 0.922589 0.014354 0.025381
0 0.974282 0.212563 0.019139 0.021574
5 0.893242 0.214467 0.184809 0.040609