19 0.629486 0.195431 0.053230 0.076142
19 0.428529 0.108503 0.035287 0.041878
19 0.386663 0.108503 0.042464 0.049492
19 0.292763 0.109772 0.026914 0.039340
19 0.248505 0.111041 0.037679 0.044416
19 0.205742 0.108503 0.043062 0.046954
23 0.067584 0.111675 0.034689 0.043147
23 0.110646 0.112310 0.032297 0.046954
19 0.026914 0.111675 0.035885 0.032995
0 0.339115 0.112944 0.031100 0.030457
0 0.162978 0.112944 0.034091 0.020305
0 0.024821 0.063452 0.031699 0.032995
0 0.066089 0.068528 0.034091 0.022843
0 0.120514 0.065355 0.042464 0.021574
0 0.181519 0.070431 0.067584 0.019036
0 0.245813 0.065355 0.040670 0.021574
32 0.912380 0.022843 0.032895 0.038071
19 0.048445 0.194797 0.056220 0.072335
0 0.741926 0.960660 0.087919 0.035533
4 0.825957 0.962563 0.062201 0.041878
1 0.831938 0.963832 0.031100 0.019036
20 0.837321 0.564086 0.313397 0.854061
22 0.985646 0.151015 0.011962 0.020305
19 0.560407 0.197335 0.058612 0.079949
19 0.630682 0.940355 0.059211 0.081218
19 0.116926 0.934010 0.061603 0.081218
19 0.049342 0.932107 0.059211 0.079949
19 0.049342 0.578046 0.060407 0.077411
19 0.116627 0.199239 0.056220 0.076142
22 0.971591 0.027284 0.018541 0.026650