22 0.336423 0.023477 0.017344 0.029188
0 0.326854 0.066624 0.014952 0.026650
0 0.326555 0.531091 0.021531 0.021574
0 0.288577 0.590736 0.090311 0.041878
0 0.061304 0.588832 0.092703 0.032995
20 0.177033 0.310914 0.351675 0.614213
5 0.222189 0.111041 0.151316 0.034264
0 0.284988 0.110406 0.020933 0.022843
0 0.222488 0.195431 0.147129 0.025381
0 0.218900 0.280457 0.149522 0.032995
0 0.221292 0.372462 0.143541 0.044416
9 0.323565 0.300761 0.027512 0.502538
9 0.325658 0.314721 0.018541 0.093909
22 0.969797 0.023477 0.023325 0.036802
22 0.985347 0.152919 0.012560 0.021574
20 0.840610 0.448604 0.315191 0.620558
20 0.499701 0.876904 0.997010 0.236041
22 0.986842 0.778553 0.015550 0.021574
0 0.974880 0.824239 0.017943 0.029188
0 0.973983 0.964467 0.020933 0.035533
32 0.910885 0.020939 0.028708 0.034264
9 0.976077 0.896574 0.021531 0.168782
9 0.974880 0.918782 0.015550 0.022843
4 0.154306 0.150381 0.017943 0.029188
4 0.153708 0.453680 0.016746 0.024112
4 0.153708 0.501904 0.016746 0.021574