0 0.024821 0.063452 0.031699 0.032995
0 0.066089 0.068528 0.034091 0.022843
0 0.120514 0.065355 0.042464 0.021574
0 0.181519 0.070431 0.067584 0.019036
0 0.245813 0.065355 0.040670 0.021574
20 0.500000 0.874365 0.996411 0.225888
20 0.838816 0.440355 0.310407 0.598985
32 0.912380 0.022843 0.032895 0.038071
0 0.975179 0.817259 0.019737 0.030457
0 0.974581 0.961294 0.022129 0.026650
9 0.974581 0.888325 0.019737 0.172589
9 0.973684 0.922589 0.014354 0.025381
0 0.974282 0.212563 0.019139 0.021574
22 0.971292 0.026015 0.022727 0.034264
5 0.894139 0.214467 0.177033 0.025381
7 0.275120 0.110406 0.252392 0.109137
0 0.265550 0.104695 0.224880 0.031726
0 0.266447 0.136421 0.223086 0.031726