19 0.428529 0.108503 0.035287 0.041878
19 0.386663 0.108503 0.042464 0.049492
19 0.292763 0.109772 0.026914 0.039340
19 0.248505 0.111041 0.037679 0.044416
19 0.205742 0.108503 0.043062 0.046954
23 0.067584 0.111675 0.034689 0.043147
23 0.110646 0.112310 0.032297 0.046954
19 0.026914 0.111675 0.035885 0.032995
0 0.339115 0.112944 0.031100 0.030457
0 0.162978 0.112944 0.034091 0.020305
0 0.024821 0.063452 0.031699 0.032995
0 0.066089 0.068528 0.034091 0.022843
0 0.120514 0.065355 0.042464 0.021574
0 0.181519 0.070431 0.067584 0.019036
0 0.245813 0.065355 0.040670 0.021574
32 0.912380 0.022843 0.032895 0.038071
19 0.344199 0.197335 0.058014 0.077411
19 0.346591 0.577411 0.060407 0.078680
19 0.343900 0.934010 0.057416 0.078680
19 0.413278 0.934010 0.057416 0.071066
19 0.951256 0.934645 0.060407 0.074873
19 0.950060 0.199239 0.058014 0.073604
19 0.882476 0.192259 0.056818 0.069797
19 0.414773 0.197970 0.055622 0.076142
20 0.145335 0.564086 0.289474 0.856599
22 0.278110 0.152284 0.016746 0.017766
22 0.971591 0.020939 0.029306 0.034264